tree
version=v4
num_class=1
num_tree_per_iteration=1
label_index=0
max_feature_idx=12
objective=regression
feature_names=prev_ret prev_rng atr20 rng_ratio r5 r20 gap gap_atr dist_hi20 vol5_20 dow month sym
feature_infos=[-563.49722324484878:752.61459363990423] [13.11520799444922:742.15479661653126] [37.806811460335894:439.42660505756993] [0.13912091396140261:4.7314133801784202] [-1129.6872229288845:981.83640970814906] [-1723.8022909576323:1625.2501279894971] [-300.82790206094836:156.47233698153241] [-1.5436497118022536:1.2513908932620765] [-1693.135444306102:0] [0.11774680357589383:2.0233253768963362] [0:4] [1:12] -1:0:4:6:2:5:3:1
tree_sizes=721 751 762 748 768 778 752 760 771 767 768 755 781 776 759 777 751 752 778 778 744 755 767 747 766 762 770 774 772 772 776 777 772 761 747 776 782 764 773 770 757 754 752 777 750 767 767 773 770 767 773 782 782 775 761 777 783 783 758 767 762 751 777 756 752 757 756 756 758 778 763 757 786 753 763 757 760 758 757 762

Tree=0
num_leaves=7
num_cat=0
split_feature=10 2 1 4 9 9
split_gain=45265.5 39077.6 30133.3 34419.1 23227.2 24327.3
threshold=2.5000000000000004 106.14461673832129 283.34490742157817 -253.64188908629777 1.2433844146638013 1.0683829612570801
decision_type=2 2 2 2 2 2
left_child=2 -2 3 -1 5 -3
right_child=1 4 -4 -5 -6 -7
leaf_value=1.6696275731996224 1.4026588352899385 1.5857651386397258 1.1309513046552475 1.391342961087918 1.7448822185793409 1.3340081889293764
leaf_weight=181 735 790 154 2594 276 182
leaf_count=181 735 790 154 2594 276 182
internal_value=1.44441 1.518 1.39452 1.41023 1.58573 1.53796
internal_weight=4912 1983 2929 2775 1248 972
internal_count=4912 1983 2929 2775 1248 972
is_linear=0
shrinkage=1


Tree=1
num_leaves=7
num_cat=0
split_feature=8 3 2 1 0 10
split_gain=43157.2 45508.7 32699.3 23559.3 16390 23361.5
threshold=-196.85572030209815 1.449428445908435 120.28262327287119 296.07987626020054 35.600233539256905 3.5000000000000004
decision_type=2 2 2 2 2 2
left_child=1 2 -1 -3 5 -4
right_child=-2 3 4 -5 -6 -7
leaf_value=-0.0073811545431977368 -0.054806904690508473 -0.0069708783510658481 0.16250666413597525 -0.31007016871055942 0.059605022584335712 0.43467689436602308
leaf_weight=646 2646 278 649 153 385 156
leaf_count=646 2646 278 649 153 385 156
internal_value=-3.37166e-05 0.0638565 0.107232 -0.119159 0.168994 0.219937
internal_weight=4913 2267 1836 431 1190 805
internal_count=4913 2267 1836 431 1190 805
is_linear=0
shrinkage=0.02


Tree=2
num_leaves=7
num_cat=2
split_feature=12 3 5 0 12 6
split_gain=36165.5 49047.7 49434.6 32176.5 28693.5 21502.5
threshold=0 1.1093887229509607 -171.96065950751733 -94.104031697954653 1 -5.115802284582637
decision_type=1 2 2 2 1 2
left_child=1 2 4 -3 -1 -4
right_child=-2 3 5 -5 -6 -7
leaf_value=0.45825606824113768 -0.071719618753202083 -0.24859784094737725 -0.10491114009862894 0.001870797467806066 0.1030076595434341 0.082936857843155423
leaf_weight=188 2277 298 308 614 212 1042
leaf_count=188 2277 298 308 614 212 1042
internal_value=-0.0135457 0.0364288 0.0983539 -0.0817796 0.290768 0.0396234
internal_weight=4939 2662 1750 912 400 1350
internal_count=4939 2662 1750 912 400 1350
cat_boundaries=0 1 2
cat_threshold=106 40
is_linear=0
shrinkage=0.02


Tree=3
num_leaves=7
num_cat=0
split_feature=8 0 1 2 9 4
split_gain=49003.2 33650.2 38116.7 31306.7 30125.8 16174.6
threshold=-255.99382324609451 -101.38379049103806 273.51334075820108 141.38210041914419 1.1598642766168112 -228.33107461018682
decision_type=2 2 2 2 2 2
left_child=1 2 -1 4 -3 -5
right_child=-2 3 -4 5 -6 -7
leaf_value=0.086605359226576847 -0.040013158209496413 -0.040147825445481171 -0.29567424225252731 0.39558286569505463 0.24114996786306211 0.16983406146211544
leaf_weight=257 3107 498 162 181 208 484
leaf_count=257 3107 498 162 181 208 484
internal_value=0.00798382 0.0910542 -0.0646441 0.138762 0.044938 0.236229
internal_weight=4897 1790 419 1371 706 665
internal_count=4897 1790 419 1371 706 665
is_linear=0
shrinkage=0.02


Tree=4
num_leaves=7
num_cat=1
split_feature=10 4 2 3 8 12
split_gain=39964.4 36718.6 27030.5 21567.6 50506.1 27845.5
threshold=2.5000000000000004 175.35809981037724 158.72903103675182 1.449428445908435 -253.33918051192558 0
decision_type=2 2 2 2 2 1
left_child=-1 3 -3 4 5 -2
right_child=1 2 -4 -5 -6 -7
leaf_value=-0.057518322813192135 0.33154808424137261 0.084763567972055698 0.43369640602828552 -0.13597676009734472 -0.047969043150189378 0.037903440651232308
leaf_weight=2893 277 212 151 290 809 254
leaf_count=2893 277 212 151 290 809 254
internal_value=-0.010122 0.0586212 0.237648 0.0175461 0.0515324 0.201211
internal_weight=4886 1993 363 1630 1340 531
internal_count=4886 1993 363 1630 1340 531
cat_boundaries=0 1
cat_threshold=46
is_linear=0
shrinkage=0.02


Tree=5
num_leaves=7
num_cat=1
split_feature=10 0 6 4 5 12
split_gain=28112.2 23671.2 60295.2 49189 31526.2 24993.2
threshold=1.0000000180025095e-35 -101.38379049103806 5.8207562083190121 -121.77779892303123 17.434590015575939 0
decision_type=2 2 2 2 2 1
left_child=-1 3 5 -2 -4 -3
right_child=1 2 4 -5 -6 -7
leaf_value=-0.10547091974646661 -0.30959010587103902 0.077028131839953759 0.39206722728821092 0.11659326090568151 0.061344646877129171 -0.040803381155734161
leaf_weight=949 238 1081 247 185 217 2061
leaf_count=949 238 1081 247 185 217 2061
internal_value=-0.00814086 0.0149889 0.0316877 -0.12481 0.241955 -3.29515e-05
internal_weight=4978 4029 3606 423 464 3142
internal_count=4978 4029 3606 423 464 3142
cat_boundaries=0 1
cat_threshold=42
is_linear=0
shrinkage=0.02


Tree=6
num_leaves=7
num_cat=0
split_feature=10 2 4 1 4 7
split_gain=44114.7 36679.1 26326.8 57541.2 21500.2 19123.3
threshold=2.5000000000000004 106.64601698382781 -65.46246075648456 199.60039464716991 -177.43729059122521 0.13273668291836749
decision_type=2 2 2 2 2 2
left_child=5 -2 4 -4 -3 -1
right_child=1 2 3 -5 -6 -7
leaf_value=-0.030905517879973549 -0.034087639065714048 0.12868210598168126 0.11755820600112583 0.51683408493664174 -0.16061050296436463 -0.24727712524690848
leaf_weight=2783 736 239 677 177 165 164
leaf_count=2783 736 239 677 177 165 164
internal_value=0.00536675 0.0778024 0.143017 0.205336 0.00950485 -0.0437421
internal_weight=4941 1994 1258 854 404 2947
internal_count=4941 1994 1258 854 404 2947
is_linear=0
shrinkage=0.02


Tree=7
num_leaves=7
num_cat=2
split_feature=8 12 3 9 12 10
split_gain=46394.6 35900.1 42667.5 65887.7 51568 15231.6
threshold=-232.04066793985785 0 1.1736216732552625 1.184562904598091 1 1.0000000180025095e-35
decision_type=2 1 2 2 1 2
left_child=1 2 4 -4 -1 -2
right_child=5 -3 3 -5 -6 -7
leaf_value=0.43294034628347422 -0.13509522022472489 -0.0083205789754026999 -0.21506500429137615 0.26422119930726751 0.057977888143023119 -0.018814260071955229
leaf_weight=328 548 910 231 209 282 2365
leaf_count=328 548 910 231 209 282 2365
internal_value=0.0095026 0.0845016 0.16281 0.0134084 0.271246 -0.0410766
internal_weight=4873 1960 1050 440 610 2913
internal_count=4873 1960 1050 440 610 2913
cat_boundaries=0 1 2
cat_threshold=46 40
is_linear=0
shrinkage=0.02


Tree=8
num_leaves=7
num_cat=1
split_feature=11 12 3 2 5 2
split_gain=38924.6 50289.1 52521.5 27734.5 26321.6 22067.2
threshold=2.5000000000000004 0 1.2101780203845447 153.51869018868882 -7.6496576377543084 143.6020373804208
decision_type=2 1 2 2 2 2
left_child=3 2 4 -1 -2 -3
right_child=1 5 -4 -5 -6 -7
leaf_value=-0.059044943656604572 0.39166213523829357 -0.04759191992237162 -0.085868647450750527 -0.33850615547864865 0.14243741736125906 0.076526835051420716
leaf_weight=545 246 2370 298 185 567 745
leaf_count=545 246 2370 298 185 567 745
internal_value=0.000349315 0.0237284 0.137935 -0.133485 0.221691 -0.0177005
internal_weight=4956 4226 1111 730 813 3115
internal_count=4956 4226 1111 730 813 3115
cat_boundaries=0 1
cat_threshold=40
is_linear=0
shrinkage=0.02


Tree=9
num_leaves=7
num_cat=1
split_feature=10 8 0 12 2 8
split_gain=43399.1 37920.7 36433.4 22337.7 21926.4 18867.8
threshold=2.5000000000000004 -366.27493945016789 -85.16809111589528 0 99.010611089487995 -720.73263489106751
decision_type=2 2 2 1 2 2
left_child=5 2 -2 -4 -3 -1
right_child=1 4 3 -5 -6 -7
leaf_value=0.1528834862984717 -0.016872439149921464 -0.067842718796897503 0.12573155823400467 0.4832815488959043 0.091804230680337884 -0.048465362348415891
leaf_weight=190 159 531 157 189 939 2744
leaf_count=190 159 531 157 189 939 2744
internal_value=0.01381 0.0860595 0.233804 0.346237 0.0340671 -0.0349514
internal_weight=4909 1975 505 346 1470 2934
internal_count=4909 1975 505 346 1470 2934
cat_boundaries=0 1
cat_threshold=81
is_linear=0
shrinkage=0.02


Tree=10
num_leaves=7
num_cat=1
split_feature=8 12 1 2 2 9
split_gain=51628.5 41847.7 29263.7 27620.2 17105.2 25198.8
threshold=-230.06033898448072 0 304.62243773347683 144.40723156028096 192.97099247648563 0.92160498497867449
decision_type=2 1 2 2 2 2
left_child=1 2 3 -1 -5 -6
right_child=-2 -3 -4 4 5 -7
leaf_value=0.07791879966855049 -0.047208856917029599 -0.016735274790042345 -0.065116000007441707 0.42904481177387938 0.36112892075145941 0.0063003464981361669
leaf_weight=382 2901 914 178 237 160 152
leaf_count=382 2901 914 178 237 160 152
internal_value=0.00681663 0.0841408 0.165358 0.211404 0.301228 0.193828
internal_weight=4924 2023 1109 931 549 312
internal_count=4924 2023 1109 931 549 312
cat_boundaries=0 1
cat_threshold=46
is_linear=0
shrinkage=0.02


Tree=11
num_leaves=7
num_cat=0
split_feature=1 2 4 6 2 7
split_gain=35035 47426.1 31975.7 27035.7 34039.1 17760.9
threshold=320.12892917304367 126.93595767828414 -247.05608522344372 -4.6603656532967488 206.91974052081409 -0.014838233667666055
decision_type=2 2 2 2 2 2
left_child=1 -1 -3 -4 5 -5
right_child=-2 2 3 4 -6 -7
leaf_value=-0.040314826107494997 -0.25314461280706479 0.28547134518623352 -0.068408861120504622 0.22896604600640916 0.3260738646082188 0.017185205246250217
leaf_weight=2668 193 272 498 184 218 874
leaf_count=2668 193 272 498 184 218 874
internal_value=0.00413987 0.0151871 0.0874062 0.0556078 0.104165 0.0558157
internal_weight=4907 4714 2046 1774 1276 1058
internal_count=4907 4714 2046 1774 1276 1058
is_linear=0
shrinkage=0.02


Tree=12
num_leaves=7
num_cat=1
split_feature=10 6 7 12 7 4
split_gain=32017.5 29529.9 32482.9 23100.4 21975 20977.4
threshold=2.5000000000000004 -5.1839435810313574 0.13273668291836749 0 -0.046936272261133699 -228.33107461018682
decision_type=2 2 2 1 2 2
left_child=1 -1 5 4 -2 -3
right_child=3 2 -4 -5 -6 -7
leaf_value=-0.16119640231082838 -0.061019764435217248 0.21595480096708869 -0.26427871476458964 0.011809702210467246 0.20365237121848306 -0.0019977346791929963
leaf_weight=590 151 184 167 1211 633 1972
leaf_count=590 151 184 167 1211 633 1972
internal_value=0.0061209 -0.0361134 -0.0037898 0.0676619 0.150652 0.0175142
internal_weight=4908 2913 2323 1995 784 2156
internal_count=4908 2913 2323 1995 784 2156
cat_boundaries=0 1
cat_threshold=42
is_linear=0
shrinkage=0.02


Tree=13
num_leaves=7
num_cat=1
split_feature=4 10 12 4 2 7
split_gain=51348.7 38083.1 45072.5 32107.5 30615 13770.6
threshold=-402.69020034599748 2.5000000000000004 0 -247.05608522344372 169.61377566571352 -0.02541058334789708
decision_type=2 2 1 2 2 2
left_child=-1 3 4 -2 -3 -5
right_child=1 2 -4 5 -6 -7
leaf_value=-0.34368137389249193 0.22028075198554462 0.11308083964021583 0.018571338201583753 -0.12192628342106546 0.44441952570782683 -0.024966097534700624
leaf_weight=163 169 294 1445 861 180 1812
leaf_count=163 169 294 1445 861 180 1812
internal_value=-0.0052066 0.00707766 0.075699 -0.0393604 0.240519 -0.056536
internal_weight=4924 4761 1919 2842 474 2673
internal_count=4924 4761 1919 2842 474 2673
cat_boundaries=0 1
cat_threshold=10
is_linear=0
shrinkage=0.02


Tree=14
num_leaves=7
num_cat=0
split_feature=2 1 9 3 1 7
split_gain=17952.5 28468.1 31132.4 26548.6 34712.2 22499.4
threshold=123.87157319201923 338.63511084158785 1.2764559811780789 1.1632974481624323 209.66695380095641 0.032520421191418555
decision_type=2 2 2 2 2 2
left_child=-1 2 3 4 5 -2
right_child=1 -3 -4 -5 -6 -7
leaf_value=-0.042107713639058526 -0.020491030194382205 -0.22296142690022538 0.22516693507744506 -0.12643081968484338 0.32654681706986233 0.17606663285692534
leaf_weight=2571 1035 151 342 383 161 290
leaf_count=2571 1035 151 342 383 161 290
internal_value=-0.00561582 0.0341151 0.0525969 0.0199889 0.0583198 0.0235257
internal_weight=4933 2362 2211 1869 1486 1325
internal_count=4933 2362 2211 1869 1486 1325
is_linear=0
shrinkage=0.02


Tree=15
num_leaves=7
num_cat=1
split_feature=1 8 12 9 9 6
split_gain=50083.7 39977.1 38586.2 26442.1 35719.6 23413.8
threshold=330.81011520885687 -196.85572030209815 0 1.2764559811780789 0.85122610611134375 4.6979768561383759
decision_type=2 2 1 2 2 2
left_child=1 2 3 4 -1 -4
right_child=-2 -3 5 -5 -6 -7
leaf_value=0.27010545628789873 -0.32655640316317264 -0.042438226773302938 0.034966215325765042 0.33859626472465637 -0.00055719934118433477 -0.19719309871896692
leaf_weight=305 174 2618 847 244 512 208
leaf_count=305 174 2618 847 244 512 208
internal_value=-0.00281421 0.00974834 0.0742116 0.157998 0.10253 -0.0121135
internal_weight=4908 4734 2116 1061 817 1055
internal_count=4908 4734 2116 1061 817 1055
cat_boundaries=0 1
cat_threshold=46
is_linear=0
shrinkage=0.02


Tree=16
num_leaves=7
num_cat=0
split_feature=1 8 0 10 10 9
split_gain=50153.6 32419.9 26269.5 31581.4 28006.7 25501.6
threshold=338.63511084158785 -232.04066793985785 -96.58015473117176 2.5000000000000004 1.5000000000000002 1.2283633272999337
decision_type=2 2 2 2 2 2
left_child=1 2 4 -4 -1 -5
right_child=-2 -3 3 5 -6 -7
leaf_value=0.12883007507124347 -0.3424478609310953 -0.03602287637826905 0.032235543672604235 0.13688293330322038 -0.20754551204072871 0.43333692648324623
leaf_weight=157 161 2871 882 443 236 156
leaf_count=157 161 2871 882 443 236 156
internal_value=-0.00593695 0.00617719 0.0706764 0.109119 -0.0733042 0.219937
internal_weight=4906 4745 1874 1481 393 599
internal_count=4906 4745 1874 1481 393 599
is_linear=0
shrinkage=0.02


Tree=17
num_leaves=7
num_cat=0
split_feature=10 2 4 5 1 1
split_gain=36776.5 26816.1 23256.5 34020.3 43228.3 17979.7
threshold=2.5000000000000004 106.14461673832129 -30.7838258863957 132.21188901469014 144.42426727511102 283.34490742157817
decision_type=2 2 2 2 2 2
left_child=5 -2 -3 4 -4 -1
right_child=1 2 3 -5 -6 -7
leaf_value=-0.037582392875983507 -0.036112379061353617 0.0035884060625182958 0.088911095499992376 0.058127871162481436 0.52210299333333976 -0.25165716038849539
leaf_weight=2751 715 465 180 432 190 157
leaf_count=2751 715 465 180 432 190 157
internal_value=-0.00474745 0.0615107 0.116453 0.181042 0.319247 -0.0499629
internal_weight=4890 1982 1267 802 370 2908
internal_count=4890 1982 1267 802 370 2908
is_linear=0
shrinkage=0.02


Tree=18
num_leaves=7
num_cat=1
split_feature=0 12 8 3 5 3
split_gain=27183.4 38305.9 47051.9 42174.6 20800.5 20102.3
threshold=-98.894672837441234 0 -168.54941474577666 1.0766524418514309 -42.54173764561321 1.1896182605304895
decision_type=2 1 2 2 2 2
left_child=5 2 3 -2 -3 -1
right_child=1 4 -4 -5 -6 -7
leaf_value=0.049186300686589489 0.38068147197682806 0.035347033333414282 -0.015051749321638337 -0.0097682388533245432 -0.068998280933901382 -0.21765599040968511
leaf_weight=151 319 1183 586 166 2123 403
leaf_count=151 319 1183 586 166 2123 403
internal_value=-0.0146576 0.00217685 0.104999 0.249545 -0.0315708 -0.145342
internal_weight=4931 4377 1071 485 3306 554
internal_count=4931 4377 1071 485 3306 554
cat_boundaries=0 1
cat_threshold=40
is_linear=0
shrinkage=0.02


Tree=19
num_leaves=7
num_cat=1
split_feature=10 11 12 0 8 9
split_gain=25000.6 28314.4 44414.3 41915.4 74308.4 25740.4
threshold=1.0000000180025095e-35 2.5000000000000004 0 -98.894672837441234 -234.37346391034782 1.0103335807025484
decision_type=2 2 1 2 2 2
left_child=-1 5 3 -3 -5 -2
right_child=1 2 -4 4 -6 -7
leaf_value=-0.092386897295060708 0.0065209466383624268 -0.1188274209691329 -0.013026097784038492 0.39209444499351614 0.056721697450515453 -0.25489277847053471
leaf_weight=926 361 212 2100 416 707 248
leaf_count=926 361 212 2100 416 707 248
internal_value=0.000781019 0.02229 0.0446173 0.133817 0.18332 -0.102331
internal_weight=4970 4044 3435 1335 1123 609
internal_count=4970 4044 3435 1335 1123 609
cat_boundaries=0 1
cat_threshold=42
is_linear=0
shrinkage=0.02


Tree=20
num_leaves=7
num_cat=3
split_feature=12 3 11 12 12 5
split_gain=22442.5 31831.7 33548.8 47887.9 31228 26216.1
threshold=0 1.2171315495308785 2.5000000000000004 1 2 -7.6496576377543084
decision_type=1 2 2 1 1 2
left_child=1 2 -1 5 -3 -4
right_child=-2 4 3 -5 -6 -7
leaf_value=-0.115607833114721 -0.04276559388949093 0.064945110690106556 0.39646764239912363 0.013419112314938291 -0.19846768558183464 0.1481913912776813
leaf_weight=285 2274 333 247 905 357 573
leaf_count=285 2274 333 247 905 357 573
internal_value=0.00332969 0.0421689 0.0824733 0.115677 -0.0741381 0.224152
internal_weight=4974 2700 2010 1725 690 820
internal_count=4974 2700 2010 1725 690 820
cat_boundaries=0 1 2 3
cat_threshold=106 40 66
is_linear=0
shrinkage=0.02


Tree=21
num_leaves=7
num_cat=0
split_feature=10 4 8 8 1 3
split_gain=22508.2 24284.2 28637.2 26978.9 18458.5 14819.9
threshold=2.5000000000000004 -20.886595914360665 -255.99382324609451 -170.14533030094421 137.96106516573226 1.3194631267353216
decision_type=2 2 2 2 2 2
left_child=5 2 -2 4 -3 -1
right_child=1 3 -4 -5 -6 -7
leaf_value=-0.022202499683744509 0.05108412770192141 0.079207113283601679 -0.19518456968556211 0.036009507838420746 0.36774711918994857 -0.14028214103866518
leaf_weight=2426 499 166 291 801 199 507
leaf_count=2426 499 166 291 801 199 507
internal_value=-0.00803359 0.0443818 -0.0409359 0.102044 0.242132 -0.0430211
internal_weight=4889 1956 790 1166 365 2933
internal_count=4889 1956 790 1166 365 2933
is_linear=0
shrinkage=0.02


Tree=22
num_leaves=7
num_cat=1
split_feature=8 3 8 8 12 2
split_gain=31953.6 40639.4 41042 29697.5 16407 25790.2
threshold=-236.34509204230378 1.449428445908435 -687.70309438339325 -501.84733170744062 0 181.51591111820582
decision_type=2 2 2 2 1 2
left_child=1 2 -1 -3 5 -4
right_child=-2 3 4 -5 -6 -7
leaf_value=0.32763298967428378 -0.038098174362173561 -0.30995282119276835 0.26813739405258707 0.04116709939689131 0.0070358679730209038 -0.035349979169018893
leaf_weight=275 3017 167 294 207 832 174
leaf_count=275 3017 167 294 207 832 174
internal_value=0.00263822 0.0655697 0.110019 -0.119605 0.0618351 0.153708
internal_weight=4966 1949 1575 374 1300 468
internal_count=4966 1949 1575 374 1300 468
cat_boundaries=0 1
cat_threshold=44
is_linear=0
shrinkage=0.02


Tree=23
num_leaves=7
num_cat=0
split_feature=10 2 0 0 4 4
split_gain=41736.1 27735.7 32784.1 25224.5 25164.9 16760.1
threshold=2.5000000000000004 106.64601698382781 -51.389792284028395 -11.675988195707363 -121.77779892303123 41.229387753262579
decision_type=2 2 2 2 2 2
left_child=-1 -2 4 -4 -3 -5
right_child=1 2 3 5 -6 -7
leaf_value=-0.043821530865218727 -0.0220783881452438 -0.2073118347321686 0.42148222159482762 0.023911551756890935 0.12483744647581967 0.22111284237439274
leaf_weight=2921 730 161 157 287 186 432
leaf_count=2921 730 161 157 287 186 432
internal_value=0.00398445 0.0753443 0.133203 0.197767 -0.0307624 0.143805
internal_weight=4874 1953 1223 876 347 719
internal_count=4874 1953 1223 876 347 719
is_linear=0
shrinkage=0.02


Tree=24
num_leaves=7
num_cat=2
split_feature=12 3 3 7 12 7
split_gain=25770.1 84638.1 37790.9 19930.9 18438 19847.8
threshold=0 1.0668878947819711 0.83040201788263179 -0.024963602151877543 1 0.082664966005186288
decision_type=1 2 2 2 1 2
left_child=1 2 -1 -2 5 -5
right_child=3 -3 -4 4 -6 -7
leaf_value=0.1198491814783279 -0.081548957272651545 -0.16850463132600527 0.52026511533411945 0.088693509810441551 -0.043128580732124208 -0.12671807265161869
leaf_weight=225 1433 249 163 1250 1337 189
leaf_count=225 1433 249 163 1250 1337 189
internal_value=-0.00311696 0.113436 0.296911 -0.0212021 0.0100544 0.0593125
internal_weight=4846 637 388 4209 2776 1439
internal_count=4846 637 388 4209 2776 1439
cat_boundaries=0 1 2
cat_threshold=8 98
is_linear=0
shrinkage=0.02


Tree=25
num_leaves=7
num_cat=1
split_feature=8 12 3 0 0 1
split_gain=32785.9 37773 47282.1 35001 27850.7 27872.1
threshold=-203.65795204364875 0 1.1736216732552625 -94.104031697954653 51.394261047853504 170.01860466728294
decision_type=2 1 2 2 2 2
left_child=1 2 4 -4 5 -1
right_child=-2 -3 3 -5 -6 -7
leaf_value=0.22100549967556585 -0.035238404999545961 -0.0013763343017145436 -0.1967618390191824 0.18781177454668543 0.053783396324479434 0.57844808639924217
leaf_weight=235 2680 1293 185 174 156 153
leaf_count=235 2680 1293 185 174 156 153
internal_value=0.0116561 0.0687865 0.16636 -0.0103284 0.284046 0.372948
internal_weight=4876 2196 903 359 544 388
internal_count=4876 2196 903 359 544 388
cat_boundaries=0 1
cat_threshold=42
is_linear=0
shrinkage=0.02


Tree=26
num_leaves=7
num_cat=1
split_feature=10 12 2 9 8 5
split_gain=40912.5 32187.9 27678.6 16498.5 24824 36413.5
threshold=1.0000000180025095e-35 0 125.20294529909181 0.8289597610470234 -216.58200369918333 -377.59438975555713
decision_type=2 1 2 2 2 2
left_child=-1 2 -2 -4 5 -5
right_child=1 -3 3 4 -6 -7
leaf_value=-0.1154392934676808 -0.043644414998538099 -0.0019285782624424022 0.31060487224125405 -0.01833678616417779 -0.094221325428225103 0.39780137900383244
leaf_weight=921 272 2976 278 152 150 176
leaf_count=921 272 2976 278 152 150 176
internal_value=0.00402017 0.0317174 0.126996 0.189816 0.114642 0.21012
internal_weight=4925 4004 1028 756 478 328
internal_count=4925 4004 1028 756 478 328
cat_boundaries=0 1
cat_threshold=10
is_linear=0
shrinkage=0.02


Tree=27
num_leaves=7
num_cat=1
split_feature=8 5 1 0 1 12
split_gain=21492.2 27838.5 55489.7 42604.1 37251.1 29644.2
threshold=-196.85572030209815 -393.06866299283632 203.51584062631818 -85.16809111589528 260.40452715111496 0
decision_type=2 2 2 2 2 1
left_child=1 3 5 -1 -4 -3
right_child=-2 2 4 -5 -6 -7
leaf_value=-0.30525393406158596 -0.034508419324238475 0.22332574956292331 0.47867541909987382 0.056933639774938205 0.065494217058507415 -0.014077120748488959
leaf_weight=193 2617 238 203 354 154 1134
leaf_count=193 2617 238 203 354 154 1134
internal_value=0.00452287 0.0493566 0.088598 -0.0740444 0.307082 0.0299371
internal_weight=4893 2276 1729 547 357 1372
internal_count=4893 2276 1729 547 357 1372
cat_boundaries=0 1
cat_threshold=40
is_linear=0
shrinkage=0.02


Tree=28
num_leaves=7
num_cat=1
split_feature=6 8 12 8 2 6
split_gain=31579 38078.1 49157.4 18374.3 18904.5 13122.7
threshold=22.48368498014575 -236.34509204230378 0 -45.976471342646924 177.91365519768212 -8.238447233851474
decision_type=2 2 1 2 2 2
left_child=1 2 5 4 -3 -1
right_child=-2 3 -4 -5 -6 -7
leaf_value=0.055706145421760833 -0.25417224344320416 -0.067399228689631649 0.012459411251062584 0.062692109595372345 0.14160593133790331 0.26686579702452962
leaf_weight=154 154 1901 1106 818 181 592
leaf_count=154 154 1901 1106 818 181 592
internal_value=0.0187734 0.028134 0.0987209 -0.0171286 -0.0486392 0.221657
internal_weight=4906 4752 1852 2900 2082 746
internal_count=4906 4752 1852 2900 2082 746
cat_boundaries=0 1
cat_threshold=44
is_linear=0
shrinkage=0.02


Tree=29
num_leaves=7
num_cat=1
split_feature=7 6 2 12 1 9
split_gain=24696.1 23666.4 41629.6 17567.7 28728 13514.3
threshold=0.13273668291836749 1.5344766292257896 216.05126499756577 0 153.71126094034881 1.4660576114903769
decision_type=2 2 2 1 2 2
left_child=1 5 3 -3 -5 -1
right_child=-2 2 -4 4 -6 -7
leaf_value=-0.038444096804697715 -0.210765820392846 0.077201087127605317 0.33233657526509197 0.043534637532218458 -0.28393666037542381 0.11989166678277208
leaf_weight=2934 213 919 197 293 157 223
leaf_count=2934 213 919 197 293 157 223
internal_value=-0.00509227 0.004609 0.0679309 0.0277487 -0.0728222 -0.0269165
internal_weight=4936 4723 1566 1369 450 3157
internal_count=4936 4723 1566 1369 450 3157
cat_boundaries=0 1
cat_threshold=102
is_linear=0
shrinkage=0.02


Tree=30
num_leaves=7
num_cat=1
split_feature=12 3 8 0 4 8
split_gain=32655.7 32898.2 39192.2 25832.6 25605.7 21692.4
threshold=0 1.2101780203845447 -687.70309438339325 -94.104031697954653 326.50879394889211 -274.46990478865888
decision_type=1 2 2 2 2 2
left_child=1 2 -1 -3 -4 -5
right_child=-2 3 4 5 -6 -7
leaf_value=0.37492190301917788 -0.052623572353165608 -0.21972368255367172 0.08904385129744942 0.19681481780586663 -0.15796205657752271 -0.084990028482283986
leaf_weight=169 2256 262 1618 172 178 264
leaf_count=169 2256 262 1618 172 178 264
internal_value=0.00311919 0.0503711 0.0923431 -0.0667116 0.0638242 0.028101
internal_weight=4919 2663 1965 698 1796 436
internal_count=4919 2663 1965 698 1796 436
cat_boundaries=0 1
cat_threshold=106
is_linear=0
shrinkage=0.02


Tree=31
num_leaves=7
num_cat=1
split_feature=5 11 0 12 9 6
split_gain=24681.9 27086.8 32588.4 55576.2 21677.7 19604.9
threshold=-74.681812238713746 2.5000000000000004 -98.894672837441234 0 1.1797145288870692 -5.1839435810313574
decision_type=2 2 2 1 2 2
left_child=1 -1 -3 -4 -5 -2
right_child=5 2 3 4 -6 -7
leaf_value=-0.15244732663842844 -0.1272070470370375 -0.099616141638810357 0.40231753890654626 0.0071559557382458458 0.21613836727155153 -0.0046664259538047193
leaf_weight=193 647 274 235 691 269 2550
leaf_count=193 647 274 235 691 269 2550
internal_value=0.00270097 0.0649953 0.0944009 0.139344 0.066652 -0.0297852
internal_weight=4859 1662 1469 1195 960 3197
internal_count=4859 1662 1469 1195 960 3197
cat_boundaries=0 1
cat_threshold=40
is_linear=0
shrinkage=0.02


Tree=32
num_leaves=7
num_cat=1
split_feature=6 2 10 8 0 12
split_gain=26099.8 37492.2 27863 21873.4 23894.3 37555.3
threshold=-5.1839435810313574 123.87157319201923 1.0000000180025095e-35 -174.38926717184108 -98.894672837441234 0
decision_type=2 2 2 2 2 1
left_child=-1 -2 -3 4 -4 -6
right_child=1 2 3 -5 5 -7
leaf_value=-0.078382160542927348 -0.019468782927135071 -0.077991084776635106 0.019741731748541359 0.035240771152107012 0.51901273469592246 0.16124415549493973
leaf_weight=1005 2196 274 231 524 152 547
leaf_count=1005 2196 274 231 524 152 547
internal_value=0.0120706 0.0353773 0.104789 0.13953 0.197291 0.25486
internal_weight=4929 3924 1728 1454 930 699
internal_count=4929 3924 1728 1454 930 699
cat_boundaries=0 1
cat_threshold=8
is_linear=0
shrinkage=0.02


Tree=33
num_leaves=7
num_cat=0
split_feature=10 4 7 3 7 8
split_gain=23237.8 29911.6 25080.3 21561.5 18108 16849.8
threshold=2.5000000000000004 175.35809981037724 -0.056500938042250114 0.74510365267604428 0.0013130326741297783 -271.77720418352254
decision_type=2 2 2 2 2 2
left_child=3 2 -2 4 -1 -4
right_child=1 -3 5 -5 -6 -7
leaf_value=-0.035650740269408281 -0.1650201797109889 0.21658714030946707 0.13729496649557896 -0.070352767395507596 0.14134336435635791 -0.0046887251042461286
leaf_weight=492 244 363 540 1987 421 851
leaf_count=492 244 363 540 1987 421 851
internal_value=0.00262326 0.0549537 0.0179697 -0.0334956 0.0466114 0.0510173
internal_weight=4898 1998 1635 2900 913 1391
internal_count=4898 1998 1635 2900 913 1391
is_linear=0
shrinkage=0.02


Tree=34
num_leaves=7
num_cat=0
split_feature=10 4 5 1 7 1
split_gain=36385.3 21561.1 49804.2 46974.7 17743.8 16535
threshold=2.5000000000000004 -20.886595914360665 30.390566112548623 136.90823974145042 -0.0392688222535717 273.51334075820108
decision_type=2 2 2 2 2 2
left_child=5 4 3 -3 -2 -1
right_child=1 2 -4 -5 -6 -7
leaf_value=-0.030892130810946355 -0.19877952181446698 0.11181539915908467 0.033415691564572449 0.57359874937473798 0.033925027932315589 -0.22601710174352893
leaf_weight=2738 152 210 800 150 677 176
leaf_count=2738 152 210 800 150 677 176
internal_value=0.00155004 0.0673067 0.1226 0.314528 -0.0106028 -0.04341
internal_weight=4903 1989 1160 360 829 2914
internal_count=4903 1989 1160 360 829 2914
is_linear=0
shrinkage=0.02


Tree=35
num_leaves=7
num_cat=1
split_feature=10 2 5 1 0 12
split_gain=21464.1 26744.6 39899.6 26868.6 28036.3 27363.7
threshold=1.0000000180025095e-35 261.39509462179353 -564.85876902731491 203.51584062631818 -81.054042075490159 0
decision_type=2 2 2 2 2 1
left_child=-1 2 -2 5 -5 -4
right_child=1 -3 3 4 -6 -7
leaf_value=-0.08451709745998677 -0.28201125503941016 0.2657855999161457 0.18421650089182945 0.0061320165067146985 0.34766229245496627 -0.010817794976983429
leaf_weight=896 166 164 298 185 191 3010
leaf_count=896 166 164 298 185 191 3010
internal_value=0.00343882 0.0232335 0.0122396 0.026226 0.184134 0.00777665
internal_weight=4910 4014 3850 3684 376 3308
internal_count=4910 4014 3850 3684 376 3308
cat_boundaries=0 1
cat_threshold=8
is_linear=0
shrinkage=0.02


Tree=36
num_leaves=7
num_cat=1
split_feature=12 0 5 5 10 8
split_gain=28876.9 27430.2 32336.9 29138.4 30445.2 26607.3
threshold=0 -81.054042075490159 -393.06866299283632 675.22514303868309 1.0000000180025095e-35 -220.18357393109309
decision_type=1 2 2 2 2 2
left_child=1 2 -1 4 -3 -6
right_child=-2 3 -4 -5 5 -7
leaf_value=-0.31304763761497817 -0.05180535365224568 -0.069924923802203262 0.024643706432265097 -0.14892442771621298 0.22748367154905819 0.063205986447247925
leaf_weight=159 2248 341 341 199 707 901
leaf_count=159 2248 341 341 199 707 901
internal_value=0.000666111 0.0452633 -0.0867747 0.0764678 0.100124 0.136395
internal_weight=4896 2648 500 2148 1949 1608
internal_count=4896 2648 500 2148 1949 1608
cat_boundaries=0 1
cat_threshold=106
is_linear=0
shrinkage=0.02


Tree=37
num_leaves=7
num_cat=1
split_feature=1 12 1 1 8 2
split_gain=22331 29325.4 22692.6 38441.3 21245.7 19816.2
threshold=320.12892917304367 0 205.39917248743214 232.10980190143655 -255.99382324609451 149.81860470209924
decision_type=2 1 2 2 2 2
left_child=1 4 -3 -4 -1 -6
right_child=-2 2 3 -5 5 -7
leaf_value=0.28931980469312324 -0.20135982613273079 -0.017579192128885791 0.360410583156061 -0.038091474541208967 0.19061334633183752 -0.11248764765262603
leaf_weight=241 187 3788 167 210 166 160
leaf_count=241 187 3788 167 210 166 160
internal_value=0.00730842 0.0159619 -0.00271284 0.143185 0.148287 0.0429317
internal_weight=4919 4732 4165 377 567 326
internal_count=4919 4732 4165 377 567 326
cat_boundaries=0 1
cat_threshold=8
is_linear=0
shrinkage=0.02


Tree=38
num_leaves=7
num_cat=1
split_feature=8 11 0 1 12 3
split_gain=31501.4 37258.9 32251.1 31420 36273.2 22149.3
threshold=-196.85572030209815 2.5000000000000004 87.517757009868419 296.07987626020054 0 1.0161032254785447
decision_type=2 2 2 2 1 2
left_child=1 -1 3 4 5 -3
right_child=-2 2 -4 -5 -6 -7
leaf_value=-0.15383206997286589 -0.048498353956864727 0.3887815059294723 0.28296099225963867 -0.21390698669878253 0.024370150774931394 0.068596252104858077
leaf_weight=295 2618 203 270 153 1233 154
leaf_count=295 2618 203 270 153 1233 154
internal_value=-0.00109687 0.0526486 0.0835187 0.0511861 0.0778725 0.249497
internal_weight=4926 2308 2013 1743 1590 357
internal_count=4926 2308 2013 1743 1590 357
cat_boundaries=0 1
cat_threshold=40
is_linear=0
shrinkage=0.02


Tree=39
num_leaves=7
num_cat=1
split_feature=1 1 9 8 12 9
split_gain=26718.8 37975.6 29653.9 29096.5 21707.6 31676.2
threshold=330.81011520885687 205.39917248743214 0.93370292326994064 -358.46389569279319 0 0.92861321745550918
decision_type=2 2 2 2 1 2
left_child=1 4 -3 -4 5 -1
right_child=-2 2 3 -5 -6 -7
leaf_value=0.30210383786794243 -0.23246504336934198 0.37385843202471736 -0.082899902358003277 0.25832221435696889 -0.017279387114681403 -0.052317707384188561
leaf_weight=208 166 182 220 168 3810 183
leaf_count=208 166 182 220 168 3810 183
internal_value=0.00957401 0.018464 0.170164 0.0676241 -0.00247417 0.135672
internal_weight=4937 4771 570 388 4201 391
internal_count=4937 4771 570 388 4201 391
cat_boundaries=0 1
cat_threshold=8
is_linear=0
shrinkage=0.02


Tree=40
num_leaves=7
num_cat=0
split_feature=10 4 5 2 5 7
split_gain=23099.5 29987.4 25051.6 22590.2 20902.8 17938.4
threshold=2.5000000000000004 158.74235436878558 237.58193075942026 135.47965664050204 -386.91659861881436 0.13273668291836749
decision_type=2 2 2 2 2 2
left_child=5 2 3 -2 -5 -1
right_child=1 -3 -4 4 -6 -7
leaf_value=-0.034680190711475628 -0.014297156478632779 0.19563401063802233 -0.13235836626513162 -0.0091483940668632656 0.289654698531498 -0.24657932709595737
leaf_weight=2797 752 392 401 153 229 160
leaf_count=2797 752 392 401 153 229 160
internal_value=-0.0118877 0.0418624 0.00158095 0.0496869 0.172797 -0.0469382
internal_weight=4884 1927 1535 1134 382 2957
internal_count=4884 1927 1535 1134 382 2957
is_linear=0
shrinkage=0.02


Tree=41
num_leaves=7
num_cat=0
split_feature=10 8 4 4 11 1
split_gain=30048.5 25029.1 54437.2 26383.1 24955.5 22556.7
threshold=2.5000000000000004 -255.99382324609451 -65.46246075648456 64.068752362728148 6.5000000000000009 283.34490742157817
decision_type=2 2 2 2 2 2
left_child=5 2 -2 -3 -4 -1
right_child=1 3 4 -5 -6 -7
leaf_value=-0.03941416390089221 -0.0058020626424054953 -0.10276558410645904 0.51403178591281173 0.081639515696451878 0.14967238958539633 -0.28248763808497673
leaf_weight=2803 449 598 150 624 164 152
leaf_count=2803 449 598 150 624 164 152
internal_value=-0.0124711 0.0475704 0.136643 -0.00870294 0.334222 -0.052828
internal_weight=4940 1985 763 1222 314 2955
internal_count=4940 1985 763 1222 314 2955
is_linear=0
shrinkage=0.02


Tree=42
num_leaves=7
num_cat=0
split_feature=10 4 1 5 8 3
split_gain=18871.8 26067.6 51680.2 53075.1 26204.4 22540.7
threshold=2.5000000000000004 -13.688751089592216 144.42426727511102 237.58193075942026 -271.77720418352254 1.0938348219004441
decision_type=2 2 2 2 2 2
left_child=5 4 -3 -4 -2 -1
right_child=1 2 3 -5 -6 -7
leaf_value=0.018599129840136171 0.070456413850923036 0.031407005900392616 0.53558690966946065 0.03815341004250962 -0.15079418973630732 -0.098691574402535578
leaf_weight=1992 497 783 192 152 361 965
leaf_count=1992 497 783 192 152 361 965
internal_value=0.0121291 0.0596751 0.122494 0.323077 -0.0232987 -0.0198816
internal_weight=4942 1985 1127 344 858 2957
internal_count=4942 1985 1127 344 858 2957
is_linear=0
shrinkage=0.02


Tree=43
num_leaves=7
num_cat=1
split_feature=10 4 6 12 1 4
split_gain=27205.5 27228.3 35935.3 31697.6 23741.1 31403.9
threshold=2.5000000000000004 158.74235436878558 -6.7831120495426269 0 273.51334075820108 -247.05608522344372
decision_type=2 2 2 1 2 2
left_child=4 2 -2 -4 5 -1
right_child=1 -3 3 -5 -6 -7
leaf_value=0.2237244162907695 -0.21844577563376655 0.2050297762522543 0.19150160691689472 -0.0089607923150849429 -0.25183444522117659 -0.035220285607210487
leaf_weight=192 200 422 470 889 173 2579
leaf_count=192 200 422 470 889 173 2579
internal_value=0.00735785 0.064485 0.0253772 0.0625934 -0.0311708 -0.0165383
internal_weight=4925 1981 1559 1359 2944 2771
internal_count=4925 1981 1559 1359 2944 2771
cat_boundaries=0 1
cat_threshold=42
is_linear=0
shrinkage=0.02


Tree=44
num_leaves=7
num_cat=0
split_feature=5 10 4 1 5 1
split_gain=18200.9 17225 17725.7 18610.5 14446.7 14427
threshold=675.22514303868309 1.0000000180025095e-35 145.37996839228907 138.91463816122436 -506.606226403059 209.66695380095641
decision_type=2 2 2 2 2 2
left_child=1 -1 4 -4 -3 -6
right_child=-2 2 3 -5 5 -7
leaf_value=-0.064184190879938971 -0.14801911283155966 -0.12766108891620848 0.03924842617359043 0.24017091251618508 0.010279076905554557 0.16454166099484524
leaf_weight=875 280 261 474 297 2480 259
leaf_count=875 280 261 474 297 2480 259
internal_value=0.00572541 0.0152891 0.0338506 0.118731 0.0117144 0.0254116
internal_weight=4926 4646 3771 771 3000 2739
internal_count=4926 4646 3771 771 3000 2739
is_linear=0
shrinkage=0.02


Tree=45
num_leaves=7
num_cat=1
split_feature=8 12 5 2 6 11
split_gain=23820.7 35587.5 40311.7 22693.4 20014.7 16031.2
threshold=-255.99382324609451 0 -368.79395694450187 122.16851625334031 -4.0281945274989175 7.5000000000000009
decision_type=2 1 2 2 2 2
left_child=1 2 -1 -4 -3 -5
right_child=-2 4 3 5 -6 -7
leaf_value=-0.011260123076962262 -0.028519000386457799 -0.23032926695687431 0.04756846634892084 0.44095221833936105 0.013850319016868531 0.17897710493674468
leaf_weight=400 3149 158 167 222 664 194
leaf_count=400 3149 158 167 222 664 194
internal_value=0.00466629 0.0623995 0.142189 0.248283 -0.0348696 0.32585
internal_weight=4954 1805 983 583 822 416
internal_count=4954 1805 983 583 822 416
cat_boundaries=0 1
cat_threshold=46
is_linear=0
shrinkage=0.02


Tree=46
num_leaves=7
num_cat=0
split_feature=1 5 6 7 4 11
split_gain=30206.3 24132.6 15793.9 21242.1 16360.3 26188.4
threshold=338.63511084158785 -135.54936737716244 -4.6603656532967488 -0.046936272261133699 30.015914040745269 7.5000000000000009
decision_type=2 2 2 2 2 2
left_child=1 -1 3 -3 5 -4
right_child=-2 2 4 -5 -6 -7
leaf_value=0.080700874202720208 -0.2680008949872219 -0.042996063478557132 0.031063396811852214 -0.29525154159248224 0.049173191093475108 -0.14946383325137302
leaf_weight=1292 155 606 721 163 1423 566
leaf_count=1292 155 606 721 163 1423 566
internal_value=-0.00195104 0.00723485 -0.0202014 -0.0995688 0.00260344 -0.0488696
internal_weight=4926 4771 3479 769 2710 1287
internal_count=4926 4771 3479 769 2710 1287
is_linear=0
shrinkage=0.02


Tree=47
num_leaves=7
num_cat=1
split_feature=7 8 12 0 9 8
split_gain=29550.4 29354.5 31541.2 60769.1 19311.5 10542
threshold=0.13273668291836749 -195.40574043046431 0 -96.58015473117176 1.0188667153779047 -81.633411389828709
decision_type=2 2 1 2 2 2
left_child=1 2 3 -1 -5 -3
right_child=-2 5 -4 4 -6 -7
leaf_value=-0.079176386999634071 -0.21887105434008367 -0.066209226112061564 0.027737322872341284 0.48045546503746567 0.18847585330169167 0.015352769396061105
leaf_weight=202 202 1205 1554 197 199 1319
leaf_count=202 202 1205 1554 197 199 1319
internal_value=0.0121272 0.022552 0.0766507 0.197509 0.341985 -0.0236939
internal_weight=4878 4676 2152 598 396 2524
internal_count=4878 4676 2152 598 396 2524
cat_boundaries=0 1
cat_threshold=40
is_linear=0
shrinkage=0.02


Tree=48
num_leaves=7
num_cat=1
split_feature=8 3 12 3 11 8
split_gain=30823 20130.7 43025.3 40344.1 30196.4 20655.4
threshold=-195.40574043046431 1.4620759969729338 0 1.0766524418514309 7.5000000000000009 -501.84733170744062
decision_type=2 2 1 2 2 2
left_child=1 2 3 4 -1 -3
right_child=-2 5 -4 -5 -6 -7
leaf_value=0.56902691154285923 -0.035286986765227416 -0.23874227411998725 0.032978869730541295 0.0095221479544563906 0.17227377176284792 0.047100761910460219
leaf_weight=162 2614 151 1376 179 161 265
leaf_count=162 2614 151 1376 179 161 265
internal_value=0.0116087 0.0649674 0.0927805 0.247378 0.382377 -0.0598235
internal_weight=4908 2294 1878 502 323 416
internal_count=4908 2294 1878 502 323 416
cat_boundaries=0 1
cat_threshold=40
is_linear=0
shrinkage=0.02


Tree=49
num_leaves=7
num_cat=1
split_feature=12 9 5 5 2 9
split_gain=13140.2 18739.2 35205 47600.9 23121.6 24027.3
threshold=0 1.0224485901322593 -386.91659861881436 17.434590015575939 135.47965664050204 0.78453089534958476
decision_type=1 2 2 2 2 2
left_child=1 4 -3 -4 -1 -6
right_child=-2 2 3 -5 5 -7
leaf_value=-0.015283855087241751 -0.024615072014142231 -0.26866340639703562 0.26743928431955161 -0.09302863515363699 0.05716311822118967 0.30032818051036875
leaf_weight=448 3010 181 224 383 358 297
leaf_count=448 3010 181 224 383 358 297
internal_value=0.00129483 0.0423561 -0.031697 0.0421727 0.0954508 0.170281
internal_weight=4901 1891 788 607 1103 655
internal_count=4901 1891 788 607 1103 655
cat_boundaries=0 1
cat_threshold=42
is_linear=0
shrinkage=0.02


Tree=50
num_leaves=7
num_cat=1
split_feature=10 4 8 3 12 8
split_gain=17474.7 16182.8 20255.5 30799.9 20012.4 17918.1
threshold=2.5000000000000004 61.701748934931999 -232.04066793985785 1.4620759969729338 0 -156.883347797494
decision_type=2 2 2 2 1 2
left_child=-1 2 3 4 -2 -4
right_child=1 -3 5 -5 -6 -7
leaf_value=-0.035407621471097488 0.3028660105695628 0.11081504047660161 -0.24646043729392728 -0.17202588123855769 0.040509314951995126 -0.0088770239601122115
leaf_weight=2919 178 792 189 152 319 353
leaf_count=2919 178 792 189 152 319 353
internal_value=-0.00433048 0.0413636 -0.00535891 0.0695477 0.145365 -0.0946884
internal_weight=4902 1983 1191 649 497 542
internal_count=4902 1983 1191 649 497 542
cat_boundaries=0 1
cat_threshold=44
is_linear=0
shrinkage=0.02


Tree=51
num_leaves=7
num_cat=1
split_feature=2 1 8 1 1 12
split_gain=21546.9 29323.3 27886.7 15945.5 24156.3 21848.3
threshold=274.16703355779902 296.07987626020054 -720.73263489106751 205.39917248743214 175.92371610268177 0
decision_type=2 2 2 2 2 1
left_child=1 2 -1 4 5 -4
right_child=-2 -3 3 -5 -6 -7
leaf_value=0.25201316104524518 0.22488266614061844 -0.24971440672874451 0.093852322342364417 0.12091589247536016 -0.18328518031532862 -0.026256271928364171
leaf_weight=166 159 178 740 360 309 2966
leaf_count=166 159 178 740 360 309 2966
internal_value=0.00298908 -0.00494704 0.00517507 -0.00474403 -0.0162836 -0.00190352
internal_weight=4878 4719 4541 4375 4015 3706
internal_count=4878 4719 4541 4375 4015 3706
cat_boundaries=0 1
cat_threshold=40
is_linear=0
shrinkage=0.02


Tree=52
num_leaves=7
num_cat=1
split_feature=1 8 10 0 12 8
split_gain=23793.9 25216.1 16314.4 14128 23831.5 48448.4
threshold=296.07987626020054 -752.55236226874683 1.0000000180025095e-35 -101.38379049103806 0 -253.33918051192558
decision_type=2 2 2 2 1 2
left_child=1 -1 -3 -4 5 -5
right_child=-2 2 3 4 -6 -7
leaf_value=0.25032048795037642 -0.18582609559904853 -0.079578883808666318 -0.1145555758531821 0.30565596184850802 -0.008844893510862083 0.020725001346775525
leaf_weight=157 255 828 285 327 2211 824
leaf_count=157 255 828 285 327 2211 824
internal_value=-0.0015037 0.00902203 1.71133e-05 0.0182565 0.0298214 0.102725
internal_weight=4887 4632 4475 3647 3362 1151
internal_count=4887 4632 4475 3647 3362 1151
cat_boundaries=0 1
cat_threshold=42
is_linear=0
shrinkage=0.02


Tree=53
num_leaves=7
num_cat=1
split_feature=8 12 11 11 10 4
split_gain=24473.7 16733.1 26685.1 32886.2 18052.7 28575.2
threshold=-195.40574043046431 0 2.5000000000000004 4.5000000000000009 2.5000000000000004 -68.792414219515678
decision_type=2 1 2 2 2 2
left_child=1 -1 -3 -4 -5 -6
right_child=-2 2 3 4 5 -7
leaf_value=-0.028171923076021326 -0.03918263929470258 -0.11473760878396455 0.31785590675154296 0.0018728080813701336 0.020159525453697806 0.33807700383095518
leaf_weight=738 2595 217 261 640 248 200
leaf_count=738 2595 217 261 640 248 200
internal_value=0.00286883 0.0501961 0.0867012 0.120348 0.0705051 0.16637
internal_weight=4899 2304 1566 1349 1088 448
internal_count=4899 2304 1566 1349 1088 448
cat_boundaries=0 1
cat_threshold=65
is_linear=0
shrinkage=0.02


Tree=54
num_leaves=7
num_cat=0
split_feature=2 4 10 4 4 6
split_gain=36982 37460.7 18682.3 18995.5 18020.5 18448.3
threshold=274.16703355779902 -380.04849747614304 2.5000000000000004 61.701748934931999 -247.05608522344372 -5.1839435810313574
decision_type=2 2 2 2 2 2
left_child=1 -1 4 -4 -3 -6
right_child=-2 2 3 -5 5 -7
leaf_value=-0.30866477030079542 0.29203305225774467 0.17105301521718502 -0.0046546413229516604 0.1255654596339198 -0.15303928654676666 -0.01995694545957501
leaf_weight=154 156 152 1107 742 511 2101
leaf_count=154 156 152 1107 742 511 2101
internal_value=-0.00143311 -0.011628 -0.00106554 0.0479968 -0.0339409 -0.046477
internal_weight=4923 4767 4613 1849 2764 2612
internal_count=4923 4767 4613 1849 2764 2612
is_linear=0
shrinkage=0.02


Tree=55
num_leaves=7
num_cat=1
split_feature=10 0 6 12 6 2
split_gain=16365.8 19021.7 28149.4 21530.8 18222.3 17691.9
threshold=1.0000000180025095e-35 -83.006284180199827 5.8207562083190121 0 4.2589274353688209 162.99319927646482
decision_type=2 2 2 1 2 2
left_child=-1 3 -3 -2 -5 -4
right_child=1 2 5 4 -6 -7
leaf_value=-0.090649334327431594 -0.28783583375020216 -0.0024472914030074836 0.067663796242539723 0.077290930361097507 -0.19071181037040974 0.32834166339565729
leaf_weight=931 157 2981 287 265 151 160
leaf_count=931 157 2981 287 265 151 160
internal_value=-0.0156016 0.00204384 0.0199518 -0.103596 -0.0216734 0.166114
internal_weight=4932 4001 3428 573 416 447
internal_count=4932 4001 3428 573 416 447
cat_boundaries=0 1
cat_threshold=9
is_linear=0
shrinkage=0.02


Tree=56
num_leaves=7
num_cat=1
split_feature=6 7 12 3 8 7
split_gain=20033.6 21835.6 22627.2 19699.7 33943.5 22881.1
threshold=-5.1839435810313574 0.13273668291836749 0 1.0766524418514309 -575.38311830225166 0.052962508963346124
decision_type=2 2 1 2 2 2
left_child=-1 2 3 4 -2 -5
right_child=1 -3 -4 5 -6 -7
leaf_value=-0.085827314425331758 0.38027046388890368 -0.17530733959685113 -0.033220587720010311 0.04004308966352628 0.074449747011878703 -0.22807508584670722
leaf_weight=1026 156 222 1558 614 1236 150
leaf_count=1026 156 222 1558 614 1236 150
internal_value=-0.00756765 0.0129982 0.0246944 0.066353 0.111191 -0.0148645
internal_weight=4962 3936 3714 2156 1392 764
internal_count=4962 3936 3714 2156 1392 764
cat_boundaries=0 1
cat_threshold=120
is_linear=0
shrinkage=0.02


Tree=57
num_leaves=7
num_cat=1
split_feature=6 12 3 8 6 8
split_gain=17798 18404.5 22151.5 24022.7 21175.6 15407.5
threshold=-5.1839435810313574 0 1.2820207760426983 -663.49658317662318 4.9913928199363253 -441.65154401393062
decision_type=2 1 2 2 2 2
left_child=-1 2 3 -2 -4 -5
right_child=1 -3 4 5 -6 -7
leaf_value=-0.074077539403343384 0.32027631710924787 -0.027047560280188919 0.058889778205534316 -0.086181931651050314 -0.21780547766556294 0.092448919635055193
leaf_weight=1017 157 1828 236 218 193 1315
leaf_count=1017 157 1828 236 218 193 1315
internal_value=0.000109033 0.0193631 0.0591883 0.0919597 -0.0677167 0.0666528
internal_weight=4964 3947 2119 1690 429 1533
internal_count=4964 3947 2119 1690 429 1533
cat_boundaries=0 1
cat_threshold=106
is_linear=0
shrinkage=0.02


Tree=58
num_leaves=7
num_cat=2
split_feature=0 5 12 8 12 0
split_gain=15563.2 46086.1 32998.1 39780.7 29506.1 22207.1
threshold=-98.894672837441234 -412.29011542592337 0 -265.90283509874467 1 -13.32976737989655
decision_type=2 2 1 2 1 2
left_child=1 -1 3 5 -3 -2
right_child=2 4 -4 -5 -6 -7
leaf_value=-0.36887282565682233 0.42426600664511499 -0.1633891501480883 -0.020409935235971836 0.02504250258591998 0.17110277896739326 0.1398196736626369
leaf_weight=157 164 167 2772 1094 223 344
leaf_count=157 164 167 2772 1094 223 344
internal_value=0.00880212 -0.0908035 0.0214372 0.0930736 0.0275605 0.238067
internal_weight=4921 547 4374 1602 390 508
internal_count=4921 547 4374 1602 390 508
cat_boundaries=0 1 2
cat_threshold=42 41
is_linear=0
shrinkage=0.02


Tree=59
num_leaves=7
num_cat=1
split_feature=7 8 12 0 9 2
split_gain=20848.5 27155.3 32236.1 30824.1 43189.9 23891.2
threshold=0.13273668291836749 -255.99382324609451 0 -101.38379049103806 1.249212041783289 204.13765652174089
decision_type=2 2 1 2 2 2
left_child=1 2 3 -1 5 -5
right_child=-2 -3 -4 4 -6 -7
leaf_value=-0.02831405068122184 -0.18600865405902528 -0.025551575475379999 -0.022765414528451454 0.010165821045637131 0.49273115482119567 0.29860752201829283
leaf_weight=258 218 3045 746 290 171 181
leaf_count=258 218 3045 746 290 171 181
internal_value=0.000766744 0.00982378 0.0750252 0.154 0.228939 0.124914
internal_weight=4909 4691 1646 900 642 471
internal_count=4909 4691 1646 900 642 471
cat_boundaries=0 1
cat_threshold=46
is_linear=0
shrinkage=0.02


Tree=60
num_leaves=7
num_cat=0
split_feature=0 10 6 3 0 6
split_gain=15585.6 16286.7 29346.8 21334.4 26750.2 14168
threshold=-180.48095457860344 1.0000000180025095e-35 5.3749775049927182 0.77780117696311046 2.7503778326987143 -12.130164565973265
decision_type=2 2 2 2 2 2
left_child=-1 -2 5 -4 -5 -3
right_child=1 2 3 4 -6 -7
leaf_value=-0.18974850718515948 -0.079940023401194382 -0.16467122554779054 0.32627687946955364 -0.082270106508353341 0.23072195578147384 0.0026074938774304762
leaf_weight=175 875 207 170 227 194 3033
leaf_count=175 875 207 170 227 194 3033
internal_value=-0.00968112 -0.00259688 0.0152304 0.143593 0.0639658 -0.00855355
internal_weight=4881 4706 3831 591 421 3240
internal_count=4881 4706 3831 591 421 3240
is_linear=0
shrinkage=0.02


Tree=61
num_leaves=7
num_cat=0
split_feature=8 11 0 3 9 4
split_gain=15992.3 16027.8 24319 22812.2 20046.5 18393.4
threshold=-232.04066793985785 2.5000000000000004 87.517757009868419 1.1736216732552625 1.2957553386346727 -247.05608522344372
decision_type=2 2 2 2 2 2
left_child=1 -1 3 5 -5 -3
right_child=-2 2 -4 4 -6 -7
leaf_value=-0.10799505927983452 -0.03333867348655422 0.27974977368400211 0.24898679085572561 -0.15537617262964942 0.10723302667949632 0.048672421684063043
leaf_weight=245 2915 158 230 361 161 804
leaf_count=245 2915 158 230 361 161 804
internal_value=-0.00368303 0.0403899 0.0621035 0.0316664 -0.0738867 0.0891125
internal_weight=4874 1959 1714 1484 522 962
internal_count=4874 1959 1714 1484 522 962
is_linear=0
shrinkage=0.02


Tree=62
num_leaves=7
num_cat=1
split_feature=1 1 8 6 12 5
split_gain=20800.2 15470 33431.2 14428.4 15033.5 13874.5
threshold=296.07987626020054 205.39917248743214 -402.0343414010801 -5.1839435810313574 0 -42.54173764561321
decision_type=2 2 2 2 1 2
left_child=1 3 -3 5 -5 -1
right_child=-2 2 -4 4 -6 -7
leaf_value=0.056915475605563683 -0.17053616445624467 -0.049643586230952115 0.27617253794164509 0.058615889427279799 -0.025420661487256708 -0.13186354086125801
leaf_weight=210 254 242 247 1696 1675 544
leaf_count=210 254 242 247 1696 1675 544
internal_value=0.00213417 0.0119879 0.117167 -0.000733773 0.0170059 -0.0792291
internal_weight=4868 4614 489 4125 3371 754
internal_count=4868 4614 489 4125 3371 754
cat_boundaries=0 1
cat_threshold=106
is_linear=0
shrinkage=0.02


Tree=63
num_leaves=7
num_cat=0
split_feature=9 1 9 2 4 3
split_gain=11218 24355.1 18840.4 24735.6 28904.4 17870.6
threshold=0.93706895608727869 111.15949635858495 1.2234283518730888 185.1251871819106 -170.08301806008026 1.1479691490655346
decision_type=2 2 2 2 2 2
left_child=1 -1 -2 4 -4 -3
right_child=2 5 3 -5 -6 -7
leaf_value=-0.017689627666333946 -0.072543266560249939 0.16914905946154091 0.29347256578375031 -0.18238154143008881 0.020730963866442242 -0.0067451854596952765
leaf_weight=1407 1392 677 187 163 745 347
leaf_count=1407 1392 677 187 163 745 347
internal_value=0.00587246 0.0363503 -0.0239454 0.0379312 0.0779894 0.110055
internal_weight=4918 2431 2487 1095 932 1024
internal_count=4918 2431 2487 1095 932 1024
is_linear=0
shrinkage=0.02


Tree=64
num_leaves=7
num_cat=0
split_feature=1 8 8 7 2 5
split_gain=15749 20574.5 13745 25566.3 12873.1 17949.3
threshold=283.34490742157817 -232.04066793985785 -46.841950073099873 0.028420907559248088 126.93595767828414 -258.40528278827969
decision_type=2 2 2 2 2 2
left_child=1 4 -3 -4 -1 -6
right_child=-2 2 3 -5 5 -7
leaf_value=0.010026758647744598 -0.13076691987596709 -0.038947058154591936 0.0032003858997832219 0.28435662018496077 0.03389859949510609 0.20070298810836984
leaf_weight=724 280 2079 677 150 507 526
leaf_count=724 280 2079 677 150 507 526
internal_value=0.0122905 0.0211422 -0.0115448 0.0569841 0.0749644 0.119945
internal_weight=4943 4663 2906 827 1757 1033
internal_count=4943 4663 2906 827 1757 1033
is_linear=0
shrinkage=0.02


Tree=65
num_leaves=7
num_cat=0
split_feature=2 3 8 8 2 0
split_gain=24718.7 11630.5 21648.7 14665.9 15678.3 15878.5
threshold=274.16703355779902 1.5675671215227054 -475.59174905347385 -687.70309438339325 191.11783613134693 39.974099641576508
decision_type=2 2 2 2 2 2
left_child=1 3 -3 -1 -5 -6
right_child=-2 2 -4 4 5 -7
leaf_value=0.16749189712003218 0.24726586945262954 -0.28725514054298401 -0.00254446815284171 0.010440009121940199 -0.010604060819413928 -0.27195620423374756
leaf_weight=205 152 150 322 3748 215 155
leaf_count=205 152 150 322 3748 215 155
internal_value=0.00428427 -0.00391675 -0.097107 0.00645872 -0.00194407 -0.124365
internal_weight=4947 4795 472 4323 4118 370
internal_count=4947 4795 472 4323 4118 370
is_linear=0
shrinkage=0.02


Tree=66
num_leaves=7
num_cat=0
split_feature=11 0 4 8 10 6
split_gain=16970.2 25874.2 15012.9 25644.1 16755.6 21851
threshold=1.5000000000000002 8.4373996614350872 -275.46283442351211 -623.44075488745318 2.5000000000000004 5.3749775049927182
decision_type=2 2 2 2 2 2
left_child=1 -1 3 -2 -4 -6
right_child=2 -3 4 -5 5 -7
leaf_value=-0.29870488901527564 -0.033762659957312577 0.044571426102609342 -0.044878034665703774 0.30685272520271745 0.0060790476020839484 0.20610015094092535
leaf_weight=186 188 155 2490 154 1430 248
leaf_count=186 188 155 2490 154 1430 248
internal_value=-0.0118948 -0.145846 -0.0014665 0.123974 -0.0120315 0.036687
internal_weight=4851 341 4510 342 4168 1678
internal_count=4851 341 4510 342 4168 1678
is_linear=0
shrinkage=0.02


Tree=67
num_leaves=7
num_cat=0
split_feature=6 2 4 9 4 8
split_gain=21022.6 24555.9 29535.7 17307.4 27347.6 24820.1
threshold=-5.1839435810313574 206.91974052081409 -115.51861930315867 1.2283633272999337 -145.39257358494041 -45.976471342646924
decision_type=2 2 2 2 2 2
left_child=-1 3 -3 5 -5 -2
right_child=1 2 -4 4 -6 -7
leaf_value=-0.078797295512557028 -0.044228983664171773 -0.037326843238171238 0.32004883459561778 0.29805910425328225 0.021485351697592515 0.10556980258997238
leaf_weight=990 2272 152 219 183 559 539
leaf_count=990 2272 152 219 183 559 539
internal_value=0.00309196 0.0238999 0.176494 0.00751554 0.0927534 -0.0152332
internal_weight=4914 3924 371 3553 742 2811
internal_count=4914 3924 371 3553 742 2811
is_linear=0
shrinkage=0.02


Tree=68
num_leaves=7
num_cat=0
split_feature=2 4 10 9 9 2
split_gain=20234.9 11508.1 10447.2 23824.1 26518.2 17527.7
threshold=274.16703355779902 -380.04849747614304 2.5000000000000004 1.2595465629980445 1.0683829612570801 120.66200048362477
decision_type=2 2 2 2 2 2
left_child=1 -1 -3 4 -4 -5
right_child=-2 2 3 5 -6 -7
leaf_value=-0.16913102158633145 0.21961209308670226 -0.023746885844979752 0.045618419120771969 0.03941270836693718 -0.1608407837474157 0.32111163989442298
leaf_weight=155 156 2748 1175 177 305 173
leaf_count=155 156 2748 1175 177 305 173
internal_value=0.00256821 -0.00503351 0.000878961 0.0377862 0.00227717 0.183704
internal_weight=4889 4733 4578 1830 1480 350
internal_count=4889 4733 4578 1830 1480 350
is_linear=0
shrinkage=0.02


Tree=69
num_leaves=7
num_cat=1
split_feature=3 1 7 10 12 11
split_gain=13812 53563.7 44121.1 20441.1 16174.1 15384.4
threshold=1.1479691490655346 213.09752734359333 0.074889923672478487 3.5000000000000004 0 3.5000000000000004
decision_type=2 2 2 2 1 2
left_child=1 4 3 5 -1 -2
right_child=2 -3 -4 -5 -6 -7
leaf_value=-0.068999439567969501 0.087024656932990191 0.34472940099482635 -0.2982247346390241 0.13837580426863047 0.031357722249898044 -0.093453406579231915
leaf_weight=862 246 186 229 304 2345 721
leaf_count=862 246 186 229 304 2345 721
internal_value=0.00142946 0.0237645 -0.0489151 -0.00201883 0.00413538 -0.0471199
internal_weight=4893 3393 1500 1271 3207 967
internal_count=4893 3393 1500 1271 3207 967
cat_boundaries=0 1
cat_threshold=6
is_linear=0
shrinkage=0.02


Tree=70
num_leaves=7
num_cat=0
split_feature=10 7 1 7 4 3
split_gain=20956.4 20286.5 37744.8 18102.3 24613.5 15611.6
threshold=2.5000000000000004 -0.055691131499011649 209.66695380095641 0.13273668291836749 -97.560321373468824 1.2664543834865589
decision_type=2 2 2 2 2 2
left_child=3 -2 -3 4 5 -1
right_child=1 2 -4 -5 -6 -7
leaf_value=0.16305921425002282 -0.091181794198304883 0.040927486595829878 0.29907201142333173 -0.21834433459100269 -0.048340757810980073 -0.046791165622148648
leaf_weight=416 313 1438 260 179 2123 207
leaf_count=416 313 1438 260 179 2123 207
internal_value=0.00515413 0.0547059 0.0819745 -0.0289841 -0.0158931 0.093696
internal_weight=4936 2011 1698 2925 2746 623
internal_count=4936 2011 1698 2925 2746 623
is_linear=0
shrinkage=0.02


Tree=71
num_leaves=7
num_cat=0
split_feature=10 0 5 9 9 0
split_gain=12266.3 25646.7 60022.8 26959.5 24934.9 14359.1
threshold=2.5000000000000004 -85.16809111589528 -337.45959219709567 1.2433844146638013 1.050897850191266 39.974099641576508
decision_type=2 2 2 2 2 2
left_child=5 -2 -3 4 -4 -1
right_child=1 2 3 -5 -6 -7
leaf_value=0.0071280270678022806 -0.12883233633697838 0.39314890596834778 0.031913595899151138 0.20447845534385306 -0.19555879056360184 -0.090385097789260391
leaf_weight=2083 286 196 987 273 229 840
leaf_count=2083 286 196 987 273 229 840
internal_value=0.00487207 0.043312 0.0731182 0.0286502 -0.0121702 -0.0211075
internal_weight=4894 1971 1685 1489 1216 2923
internal_count=4894 1971 1685 1489 1216 2923
is_linear=0
shrinkage=0.02


Tree=72
num_leaves=7
num_cat=1
split_feature=5 10 5 0 12 3
split_gain=19498.4 19506.4 16008.1 19512.6 15936.2 22288.3
threshold=-651.96010733025378 1.0000000180025095e-35 660.23011033039722 141.28637624683861 0 1.2171315495308785
decision_type=2 2 2 2 1 2
left_child=-1 -2 3 4 5 -3
right_child=1 2 -4 -5 -6 -7
leaf_value=-0.20492414338084367 -0.090908242859162047 0.1084923734346574 -0.14841975551933564 0.22250890763536579 -0.022194371665205437 -0.090757095864633236
leaf_weight=198 888 1046 222 176 2097 277
leaf_count=198 888 1046 222 176 2097 277
internal_value=-0.0154195 -0.00702866 0.0126668 0.0229955 0.0121094 0.0659126
internal_weight=4904 4706 3818 3596 3420 1323
internal_count=4904 4706 3818 3596 3420 1323
cat_boundaries=0 1
cat_threshold=104
is_linear=0
shrinkage=0.02


Tree=73
num_leaves=7
num_cat=0
split_feature=1 8 6 7 1 6
split_gain=21197 18152.2 12823.3 20155.1 11104.1 28028.4
threshold=338.63511084158785 -720.73263489106751 -5.1839435810313574 -0.046936272261133699 203.51584062631818 4.3859156890346815
decision_type=2 2 2 2 2 2
left_child=1 -1 3 -3 -4 -6
right_child=-2 2 4 -5 5 -7
leaf_value=0.17138712719563515 -0.2212136916227119 -0.027596512369170094 0.001279832527957152 -0.2754904413074255 0.29747288081645967 -0.064876617228078567
leaf_weight=238 162 745 3332 150 165 161
leaf_count=238 162 745 3332 150 165 161
internal_value=-0.0030662 0.00475551 -0.00431137 -0.071728 0.012334 0.121916
internal_weight=4953 4791 4553 895 3658 326
internal_count=4953 4791 4553 895 3658 326
is_linear=0
shrinkage=0.02


Tree=74
num_leaves=7
num_cat=1
split_feature=7 12 0 4 1 1
split_gain=20218 13804.8 41121.7 58508 17472.9 10768.9
threshold=0.15946046197655486 0 -96.58015473117176 -166.4268790799488 205.39917248743214 119.17626385761024
decision_type=2 1 2 2 2 2
left_child=1 2 -1 -4 5 -5
right_child=-2 -3 3 4 -6 -7
leaf_value=-0.16720738933056215 -0.21297584566069236 -0.0063967519965155316 0.47720046174526221 0.0840438828042787 0.23774902252996036 -0.07121587156879236
leaf_weight=227 152 3466 150 392 167 312
leaf_count=227 152 3466 150 392 167 312
internal_value=0.00673882 0.0142592 0.0707095 0.1254 0.0600859 0.0152019
internal_weight=4866 4714 1248 1021 871 704
internal_count=4866 4714 1248 1021 871 704
cat_boundaries=0 1
cat_threshold=40
is_linear=0
shrinkage=0.02


Tree=75
num_leaves=7
num_cat=0
split_feature=11 8 2 10 11 5
split_gain=18811.4 23564.1 22062.4 15467.8 11631.5 20468.8
threshold=2.5000000000000004 -720.73263489106751 153.51869018868882 1.0000000180025095e-35 3.5000000000000004 88.98434249906613
decision_type=2 2 2 2 2 2
left_child=2 -2 -1 -3 5 -5
right_child=1 3 -4 4 -6 -7
leaf_value=-0.020731666350407334 0.19814102038962544 -0.071653617521656179 -0.26835474322340924 0.29393402520348044 0.016459389119718591 -0.025065318344859408
leaf_weight=549 276 741 186 160 2896 150
leaf_count=549 276 741 186 160 2896 150
internal_value=0.00653367 0.0228315 -0.0861564 0.010103 0.0291633 0.14362
internal_weight=4958 4223 735 3947 3206 310
internal_count=4958 4223 735 3947 3206 310
is_linear=0
shrinkage=0.02


Tree=76
num_leaves=7
num_cat=0
split_feature=11 11 0 4 6 11
split_gain=15139.5 16697.3 23051.4 46944.1 18508.1 26707.3
threshold=2.5000000000000004 6.5000000000000009 -133.73623069268533 -216.45177044795898 -3.3910899707495497 4.5000000000000009
decision_type=2 2 2 2 2 2
left_child=-1 4 -3 -4 5 -2
right_child=1 2 3 -5 -6 -7
leaf_value=-0.07958698715278828 0.08999749281519169 -0.22714313658185908 0.27704341042461483 -0.023756819385942662 0.11414382396040637 -0.20545522285999648
leaf_weight=714 286 175 219 2204 1123 199
leaf_count=714 286 175 219 2204 1123 199
internal_value=0.00491419 0.0194136 -0.011954 0.0044576 0.0698542 -0.0329311
internal_weight=4920 4206 2598 2423 1608 485
internal_count=4920 4206 2598 2423 1608 485
is_linear=0
shrinkage=0.02


Tree=77
num_leaves=7
num_cat=0
split_feature=11 2 10 0 7 11
split_gain=15199.9 26064.1 13774 21223.4 33956.7 22676.2
threshold=2.5000000000000004 153.51869018868882 1.0000000180025095e-35 -101.38379049103806 0.04375479639468783 8.5000000000000018
decision_type=2 2 2 2 2 2
left_child=1 -1 -2 -4 -5 -6
right_child=2 -3 3 4 5 -7
leaf_value=-0.027595938570040435 -0.073344540925762008 -0.30256361783275731 -0.12350793613060829 0.01087887706492891 0.34015019028459875 0.027416574487791345
leaf_weight=551 786 175 362 2634 217 160
leaf_count=551 786 175 362 2634 217 160
internal_value=-0.0133083 -0.0970864 0.0015139 0.0191232 0.0366232 0.211563
internal_weight=4885 726 4159 3373 3011 377
internal_count=4885 726 4159 3373 3011 377
is_linear=0
shrinkage=0.02


Tree=78
num_leaves=7
num_cat=0
split_feature=10 9 9 2 2 3
split_gain=23156.9 26787.9 27292.3 31598.3 18835.8 16237.7
threshold=2.5000000000000004 1.249212041783289 1.0262351151910221 179.42994054185513 120.66200048362477 1.0267563785851606
decision_type=2 2 2 2 2 2
left_child=5 2 3 -2 -3 -1
right_child=1 4 -4 -5 -6 -7
leaf_value=-0.0041297758587758556 0.010888462037980452 0.043173108204551371 -0.12949371384194472 0.28480332960100735 0.31326207227938996 -0.10123527830643864
leaf_weight=1807 972 197 409 194 216 1104
leaf_count=1807 972 197 409 194 216 1104
internal_value=-0.00529871 0.0471815 0.00917002 0.0584969 0.188497 -0.0411776
internal_weight=4899 1988 1575 1166 413 2911
internal_count=4899 1988 1575 1166 413 2911
is_linear=0
shrinkage=0.02


Tree=79
num_leaves=7
num_cat=0
split_feature=1 6 6 10 8 9
split_gain=18236 16950.3 15684 14054.1 9994.1 16309.6
threshold=320.12892917304367 -6.7831120495426269 -8.6817920459980584 1.0000000180025095e-35 -234.37346391034782 1.249212041783289
decision_type=2 2 2 2 2 2
left_child=1 2 -1 -3 5 -5
right_child=-2 3 -4 4 -6 -7
leaf_value=-0.031883755321411987 -0.19188665293342438 -0.064056104148139281 -0.24933578917715285 0.040991396021554501 0.0077978606809490951 0.21397810282451765
leaf_weight=519 191 679 170 1018 2071 270
leaf_count=519 191 679 170 1018 2071 270
internal_value=-0.00531056 0.00261743 -0.0883361 0.0183166 0.0351085 0.0786233
internal_weight=4918 4727 689 4038 3359 1288
internal_count=4918 4727 689 4038 3359 1288
is_linear=0
shrinkage=0.02


end of trees

feature_importances:
dist_hi20=58
sym=52
prev_rng=47
dow=42
atr20=41
r5=39
prev_ret=36
rng_ratio=31
vol5_20=30
r20=29
gap=29
gap_atr=25
month=21

parameters:
[boosting: gbdt]
[objective: regression]
[metric: l2]
[tree_learner: serial]
[device_type: cpu]
[data_sample_strategy: bagging]
[data: ]
[valid: ]
[num_iterations: 80]
[learning_rate: 0.02]
[num_leaves: 7]
[num_threads: 4]
[seed: 3]
[deterministic: 0]
[force_col_wise: 0]
[force_row_wise: 0]
[histogram_pool_size: -1]
[max_depth: -1]
[min_data_in_leaf: 150]
[min_sum_hessian_in_leaf: 0.001]
[bagging_fraction: 0.8]
[pos_bagging_fraction: 1]
[neg_bagging_fraction: 1]
[bagging_freq: 1]
[bagging_seed: 7196]
[bagging_by_query: 0]
[feature_fraction: 0.8]
[feature_fraction_bynode: 1]
[feature_fraction_seed: 9091]
[extra_trees: 0]
[extra_seed: 23577]
[early_stopping_round: 0]
[early_stopping_min_delta: 0]
[first_metric_only: 0]
[max_delta_step: 0]
[lambda_l1: 0]
[lambda_l2: 10]
[linear_lambda: 0]
[min_gain_to_split: 0]
[drop_rate: 0.1]
[max_drop: 50]
[skip_drop: 0.5]
[xgboost_dart_mode: 0]
[uniform_drop: 0]
[drop_seed: 9294]
[top_rate: 0.2]
[other_rate: 0.1]
[min_data_per_group: 100]
[max_cat_threshold: 32]
[cat_l2: 10]
[cat_smooth: 10]
[max_cat_to_onehot: 4]
[top_k: 20]
[monotone_constraints: ]
[monotone_constraints_method: basic]
[monotone_penalty: 0]
[feature_contri: ]
[forcedsplits_filename: ]
[refit_decay_rate: 0.9]
[cegb_tradeoff: 1]
[cegb_penalty_split: 0]
[cegb_penalty_feature_lazy: ]
[cegb_penalty_feature_coupled: ]
[path_smooth: 0]
[interaction_constraints: ]
[verbosity: -1]
[saved_feature_importance_type: 0]
[use_quantized_grad: 0]
[num_grad_quant_bins: 4]
[quant_train_renew_leaf: 0]
[stochastic_rounding: 1]
[linear_tree: 0]
[max_bin: 255]
[max_bin_by_feature: ]
[min_data_in_bin: 3]
[bin_construct_sample_cnt: 200000]
[data_random_seed: 48]
[is_enable_sparse: 1]
[enable_bundle: 1]
[use_missing: 1]
[zero_as_missing: 0]
[feature_pre_filter: 1]
[pre_partition: 0]
[two_round: 0]
[header: 0]
[label_column: ]
[weight_column: ]
[group_column: ]
[ignore_column: ]
[categorical_feature: 12]
[forcedbins_filename: ]
[precise_float_parser: 0]
[parser_config_file: ]
[objective_seed: 7031]
[num_class: 1]
[is_unbalance: 0]
[scale_pos_weight: 1]
[sigmoid: 1]
[boost_from_average: 1]
[reg_sqrt: 0]
[alpha: 0.9]
[fair_c: 1]
[poisson_max_delta_step: 0.7]
[tweedie_variance_power: 1.5]
[lambdarank_truncation_level: 30]
[lambdarank_norm: 1]
[label_gain: ]
[lambdarank_position_bias_regularization: 0]
[eval_at: ]
[multi_error_top_k: 1]
[auc_mu_weights: ]
[num_machines: 1]
[local_listen_port: 12400]
[time_out: 120]
[machine_list_filename: ]
[machines: ]
[gpu_platform_id: -1]
[gpu_device_id: -1]
[gpu_device_id_list: ]
[gpu_use_dp: 0]
[num_gpu: 1]

end of parameters

pandas_categorical:[["EURUSD", "GER40cash", "UK100cash", "US100cash", "US30cash", "US500cash", "XAUUSD"]]
