tree
version=v4
num_class=1
num_tree_per_iteration=1
label_index=0
max_feature_idx=12
objective=regression
feature_names=prev_ret prev_rng atr20 rng_ratio r5 r20 gap gap_atr dist_hi20 vol5_20 dow month sym
feature_infos=[-563.49722324484878:752.61459363990423] [13.11520799444922:742.15479661653126] [37.806811460335894:439.42660505756993] [0.13912091396140261:4.7314133801784202] [-1129.6872229288845:981.83640970814906] [-1723.8022909576323:1625.2501279894971] [-300.82790206094836:156.47233698153241] [-1.5436497118022536:1.2513908932620765] [-1693.135444306102:0] [0.11774680357589383:2.0233253768963362] [0:4] [1:12] -1:0:4:6:2:5:3:1
tree_sizes=742 742 766 783 753 771 768 770 769 760 752 743 748 766 751 777 755 759 768 767 754 770 766 778 777 778 757 763 753 751 776 775 776 756 748 773 760 767 771 762 777 753 758 757 783 760 760 770 754 758 764 776 758 755 762 759 770 760 755 774 779 748 758 759 761 756 787 764 756 755 776 763 763 777 757 754 778 770 753 757

Tree=0
num_leaves=7
num_cat=1
split_feature=8 12 3 1 10 5
split_gain=41156.2 36888.8 39272.8 23454.6 29505.8 28692.5
threshold=-203.65795204364875 0 1.449428445908435 110.15245001081981 2.5000000000000004 -143.09389844825708
decision_type=2 1 2 2 2 2
left_child=1 2 3 -1 5 -5
right_child=-2 -3 -4 4 -6 -7
leaf_value=1.4544274009986009 1.3928014380926512 1.4209448857372475 1.3670374307693092 1.4564704297797681 1.8449487383535466 1.7889141835751134
leaf_weight=206 2719 1038 256 271 303 159
leaf_count=206 2719 1038 256 271 303 159
internal_value=1.44497 1.50844 1.58309 1.64365 1.69601 1.58439
internal_weight=4952 2233 1195 939 733 430
internal_count=4952 2233 1195 939 733 430
cat_boundaries=0 1
cat_threshold=46
is_linear=0
shrinkage=1


Tree=1
num_leaves=7
num_cat=3
split_feature=8 12 3 12 5 12
split_gain=38063.4 51049 36076.3 48773.3 40092.3 19685
threshold=-255.99382324609451 0 1.1736216732552625 1 -386.91659861881436 2
decision_type=2 1 2 1 2 1
left_child=1 2 3 -1 -4 -2
right_child=5 -3 4 -5 -6 -7
leaf_value=0.42001446830250366 -0.16486673583317402 -0.049827662710694297 -0.20559632944536735 0.04305515513371895 0.1797024131851985 -0.024972602399649487
leaf_weight=322 459 808 172 252 256 2630
leaf_count=322 459 808 172 252 256 2630
internal_value=-0.00421015 0.0683961 0.162171 0.26602 0.0237039 -0.0468372
internal_weight=4899 1810 1002 574 428 3089
internal_count=4899 1810 1002 574 428 3089
cat_boundaries=0 1 2 3
cat_threshold=46 40 4
is_linear=0
shrinkage=0.02


Tree=2
num_leaves=7
num_cat=1
split_feature=12 3 8 1 8 1
split_gain=48698.9 46845 52761.6 24120.1 32182.7 21535.8
threshold=0 1.0668878947819711 -163.24353657542142 289.77906232928189 -687.70309438339325 203.51584062631818
decision_type=1 2 2 2 2 2
left_child=1 2 -1 4 -2 -6
right_child=3 -3 -4 -5 5 -7
leaf_value=0.51211511795087294 0.27083027429878714 -0.045175970697309824 0.04884216581781705 -0.25111333418174608 -0.031301855146461478 0.15005844876909932
leaf_weight=210 150 246 182 159 3685 272
leaf_count=210 150 246 182 159 3685 272
internal_value=0.00773887 0.1679 0.30359 -0.0169037 -0.00728954 -0.0184885
internal_weight=4904 638 392 4266 4107 3957
internal_count=4904 638 392 4266 4107 3957
cat_boundaries=0 1
cat_threshold=8
is_linear=0
shrinkage=0.02


Tree=3
num_leaves=7
num_cat=1
split_feature=10 8 0 1 7 12
split_gain=40882.8 35436.2 64849.8 23027.3 19500.4 24423.2
threshold=2.5000000000000004 -366.27493945016789 -89.441957905537762 283.34490742157817 -0.0094258361944051464 0
decision_type=2 2 2 2 2 1
left_child=3 2 -2 4 -1 -6
right_child=1 -3 -4 -5 5 -7
leaf_value=-0.098386038298907283 -0.13062168458361684 0.014327481029157391 0.35599115280287991 -0.28417749053094449 0.0951795212680355 -0.063467818153332231
leaf_weight=1244 152 1493 346 154 685 844
leaf_count=1244 152 1493 346 154 685 844
internal_value=-0.00621134 0.0635214 0.207819 -0.0536996 -0.0399248 0.0079697
internal_weight=4918 1991 498 2927 2773 1529
internal_count=4918 1991 498 2927 2773 1529
cat_boundaries=0 1
cat_threshold=104
is_linear=0
shrinkage=0.02


Tree=4
num_leaves=7
num_cat=0
split_feature=10 2 4 1 3 4
split_gain=33973.4 32004 29927.6 49056 27800.2 39436.6
threshold=2.5000000000000004 99.396795067032329 -65.46246075648456 203.51584062631818 1.0938348219004441 -72.135592574720789
decision_type=2 2 2 2 2 2
left_child=4 -2 -3 -4 5 -1
right_child=1 2 3 -5 -6 -7
leaf_value=0.17261968345379086 -0.058986365510703714 -0.015938357483548455 0.10825598585866439 0.47682556796469078 -0.1315348404052335 -0.045727901665863588
leaf_weight=407 593 464 767 171 951 1592
leaf_count=407 593 464 767 171 951 1592
internal_value=-7.70743e-05 0.0634897 0.115344 0.179768 -0.0431347 -0.000633992
internal_weight=4945 1995 1402 938 2950 1999
internal_count=4945 1995 1402 938 2950 1999
is_linear=0
shrinkage=0.02


Tree=5
num_leaves=7
num_cat=1
split_feature=10 8 12 0 6 2
split_gain=46255.5 38369.7 38507.2 56183.6 21957.1 20394.5
threshold=1.0000000180025095e-35 -232.04066793985785 0 -101.38379049103806 5.3749775049927182 183.01851787384871
decision_type=2 2 1 2 2 2
left_child=-1 2 3 -2 5 -5
right_child=1 -3 -4 4 -6 -7
leaf_value=-0.12782006074432384 -0.070811000837654361 -0.022669441687584901 -0.0056290304269816186 0.30261010803847477 0.45889017766376711 0.023137875775044617
leaf_weight=925 234 2373 727 280 202 166
leaf_count=925 234 2373 727 280 202 166
internal_value=-0.0012003 0.0284594 0.10354 0.190506 0.287407 0.20138
internal_weight=4907 3982 1609 882 648 446
internal_count=4907 3982 1609 882 648 446
cat_boundaries=0 1
cat_threshold=46
is_linear=0
shrinkage=0.02


Tree=6
num_leaves=7
num_cat=2
split_feature=10 12 6 8 5 12
split_gain=38909.9 35374.3 29195.2 17530.5 21215.5 29379.5
threshold=1.0000000180025095e-35 0 -12.47514665824456 -236.34509204230378 -546.24010935213335 1
decision_type=2 1 2 2 2 1
left_child=-1 -2 -3 4 -4 -6
right_child=1 2 3 -5 5 -7
leaf_value=-0.11739930222750151 0.17416465342585707 -0.26061603179684395 -0.14248892887334488 -0.021990083916551047 0.22077207817547564 0.013199017013873424
leaf_weight=934 531 152 152 2030 463 646
leaf_count=934 531 152 152 2030 463 646
internal_value=-0.00195192 0.025408 0.00151911 0.0143837 0.0726517 0.103149
internal_weight=4908 3974 3443 3291 1261 1109
internal_count=4908 3974 3443 3291 1261 1109
cat_boundaries=0 1 2
cat_threshold=8 38
is_linear=0
shrinkage=0.02


Tree=7
num_leaves=7
num_cat=1
split_feature=2 1 8 12 6 6
split_gain=37129.8 58943 41086.6 29304.1 25107.4 18388.8
threshold=274.16703355779902 296.07987626020054 -271.77720418352254 0 -4.3173378480715332 7.6929381520374216
decision_type=2 2 2 1 2 2
left_child=1 2 3 5 -5 -1
right_child=-2 -3 -4 4 -6 -7
leaf_value=0.28732034501605014 0.29811791056100234 -0.35215904354431465 -0.035168936424433167 -0.19505551823301812 0.072498628620899494 0.025435132884684904
leaf_weight=372 152 183 3200 163 734 152
leaf_count=372 152 183 3200 163 734 152
internal_value=0.000303536 -0.0097191 0.0045733 0.0936906 0.0220222 0.209332
internal_weight=4956 4804 4621 1421 897 524
internal_count=4956 4804 4621 1421 897 524
cat_boundaries=0 1
cat_threshold=44
is_linear=0
shrinkage=0.02


Tree=8
num_leaves=7
num_cat=1
split_feature=7 12 3 5 6 1
split_gain=39483.4 33903.9 51338.7 64342.2 33532.9 14728.6
threshold=0.13273668291836749 0 1.1896182605304895 -55.242504051382653 -4.8554012538115634 105.13959159233151
decision_type=2 1 2 2 2 2
left_child=1 2 3 -1 -5 -6
right_child=-2 -3 -4 4 5 -7
leaf_value=0.45264392729818331 -0.26750027605699839 -0.024115580871752057 -0.11049662060971219 -0.15398489153197922 0.037339048490055607 0.2590135414542547
leaf_weight=236 208 3499 337 181 224 258
leaf_count=236 208 3499 337 181 224 258
internal_value=-0.00432624 0.00777391 0.0969347 0.176119 0.0724247 0.158847
internal_weight=4943 4735 1236 899 663 482
internal_count=4943 4735 1236 899 663 482
cat_boundaries=0 1
cat_threshold=40
is_linear=0
shrinkage=0.02


Tree=9
num_leaves=7
num_cat=2
split_feature=8 3 12 12 0 10
split_gain=34807.4 60169.7 65606.4 54822.3 39939.7 22068.8
threshold=-258.61837369783581 1.1736216732552625 0 1 -96.58015473117176 2.5000000000000004
decision_type=2 2 1 1 2 2
left_child=1 2 -1 -3 -5 -4
right_child=-2 3 5 4 -6 -7
leaf_value=0.40080529046823266 -0.031255285034332253 0.21178301665896462 -0.022035355531618377 -0.35331304511135697 -0.0038261391056908503 0.19169271467298998
leaf_weight=323 3135 190 466 245 269 318
leaf_count=323 3135 190 466 245 269 318
internal_value=0.00905505 0.0786242 0.169975 -0.0653892 -0.170716 0.0651572
internal_weight=4946 1811 1107 704 514 784
internal_count=4946 1811 1107 704 514 784
cat_boundaries=0 1 2
cat_threshold=40 68
is_linear=0
shrinkage=0.02


Tree=10
num_leaves=7
num_cat=0
split_feature=10 2 4 3 4 1
split_gain=40222.5 34458.2 18844.8 22471.4 18300.5 18275.4
threshold=2.5000000000000004 227.74814996672049 -87.502893359424107 1.2664543834865589 -7.1386779520677841 151.5746103539195
decision_type=2 2 2 2 2 2
left_child=2 4 3 -1 -2 -6
right_child=1 -3 -4 -5 5 -7
leaf_value=0.11591103656057587 -0.0315960128322475 0.34062802118413588 -0.078604672827127631 -0.11115507681423159 0.04898505890232218 0.24759656149366124
leaf_weight=491 763 160 2174 258 772 237
leaf_count=491 763 160 2174 258 772 237
internal_value=-0.00214697 0.0684581 -0.0488888 0.037262 0.0421094 0.0976081
internal_weight=4855 1932 2923 749 1772 1009
internal_count=4855 1932 2923 749 1772 1009
is_linear=0
shrinkage=0.02


Tree=11
num_leaves=7
num_cat=0
split_feature=10 2 4 8 6 8
split_gain=29185 32208.6 31523.7 45609.2 27122 27040.1
threshold=2.5000000000000004 106.14461673832129 -13.688751089592216 -170.14533030094421 2.5457617829593997 -91.436145539349738
decision_type=2 2 2 2 2 2
left_child=-1 -2 4 -4 -3 -5
right_child=1 2 3 5 -6 -7
leaf_value=-0.029555022040459216 -0.037233198642677476 -0.12187087710780377 0.4074313828359285 -0.11386725513095206 0.16700644454550237 0.19618020638800079
leaf_weight=2934 716 281 283 166 225 308
leaf_count=2934 716 281 283 166 225 308
internal_value=0.0104536 0.0696193 0.130011 0.21085 0.00732963 0.087489
internal_weight=4913 1979 1263 757 506 474
internal_count=4913 1979 1263 757 506 474
is_linear=0
shrinkage=0.02


Tree=12
num_leaves=7
num_cat=0
split_feature=2 6 7 10 8 4
split_gain=27163 28647.1 30027.9 23194.1 23008 19641.4
threshold=123.87157319201923 -4.0281945274989175 0.091705469243399965 2.5000000000000004 -205.86075862827289 -72.135592574720789
decision_type=2 2 2 2 2 2
left_child=-1 -2 3 -3 5 -5
right_child=1 2 -4 4 -6 -7
leaf_value=-0.039834734792793813 -0.048470054246514613 0.06382645638780711 -0.13381966748213406 0.17215381298019988 0.059803174565667687 0.47314403607172295
leaf_weight=2549 751 882 187 201 220 172
leaf_count=2549 751 882 187 201 220 172
internal_value=0.00561933 0.0536015 0.0997381 0.13005 0.225856 0.319678
internal_weight=4962 2413 1662 1475 593 373
internal_count=4962 2413 1662 1475 593 373
is_linear=0
shrinkage=0.02


Tree=13
num_leaves=7
num_cat=2
split_feature=10 12 0 5 12 9
split_gain=32072.9 26203 39453.1 58394.7 36945.5 21199.3
threshold=1.0000000180025095e-35 0 -91.018788788481118 -70.834669148779895 1 0.75498708899572253
decision_type=2 1 2 2 1 2
left_child=-1 2 -2 4 -4 -5
right_child=1 -3 3 5 -6 -7
leaf_value=-0.10539816780985954 -0.1241010303241866 -0.031456379750323546 0.46093168324161427 0.14036348708749072 0.11396381754973596 -0.028144610138821517
leaf_weight=950 340 1865 233 461 301 809
leaf_count=950 340 1865 233 461 301 809
internal_value=-0.00154035 0.0232715 0.0706208 0.108191 0.281614 0.0336412
internal_weight=4959 4009 2144 1804 534 1270
internal_count=4959 4009 2144 1804 534 1270
cat_boundaries=0 1 2
cat_threshold=106 40
is_linear=0
shrinkage=0.02


Tree=14
num_leaves=7
num_cat=0
split_feature=10 8 0 4 9 3
split_gain=45793.1 26603.4 42830.9 41652.8 39456.5 24059
threshold=2.5000000000000004 -255.99382324609451 -85.16809111589528 64.068752362728148 1.1797145288870692 1.0221092778717678
decision_type=2 2 2 2 2 2
left_child=5 2 -2 -3 -4 -1
right_child=1 3 4 -5 -6 -7
leaf_value=-0.01406313377491367 -0.073490543571901532 -0.10908716553406229 0.13540893630124629 0.12138471111257559 0.51020000332168169 -0.1322872676200062
leaf_weight=1826 221 608 374 627 158 1098
leaf_count=1826 221 608 374 627 158 1098
internal_value=-0.00848308 0.0653856 0.158236 0.00795678 0.254079 -0.0587574
internal_weight=4912 1988 753 1235 532 2924
internal_count=4912 1988 753 1235 532 2924
is_linear=0
shrinkage=0.02


Tree=15
num_leaves=7
num_cat=1
split_feature=10 12 8 4 3 6
split_gain=38141.1 34725.7 27280.2 25736.1 35309.1 27617.2
threshold=2.5000000000000004 0 -255.99382324609451 -87.502893359424107 1.4620759969729338 -5.1839435810313574
decision_type=2 1 2 2 2 2
left_child=3 2 -2 4 -1 -5
right_child=1 -3 -4 5 -6 -7
leaf_value=0.14144607002061346 0.32160763629326006 0.0082180374151346793 0.077815723708211978 -0.21096254142248527 -0.17224518884050968 -0.035225175180378397
leaf_weight=565 318 1182 437 442 182 1743
leaf_count=565 318 1182 437 442 182 1743
internal_value=0.0084658 0.0771181 0.180995 -0.0369967 0.0637522 -0.0715739
internal_weight=4869 1937 755 2932 747 2185
internal_count=4869 1937 755 2932 747 2185
cat_boundaries=0 1
cat_threshold=42
is_linear=0
shrinkage=0.02


Tree=16
num_leaves=7
num_cat=0
split_feature=8 0 8 10 8 4
split_gain=33033.4 25304.8 27832.8 29420.1 18980.4 20384.8
threshold=-255.99382324609451 -187.49647308584636 -799.97915458296814 2.5000000000000004 -548.50072559902583 -93.787858154107425
decision_type=2 2 2 2 2 2
left_child=1 -1 -3 4 -4 -6
right_child=-2 2 3 -5 5 -7
leaf_value=-0.15993010438160402 -0.03596620434890406 0.32309424476874504 -0.17875265540727756 0.17095200321253606 0.15646992302829435 -0.061927138891050726
leaf_weight=163 3126 180 195 602 312 356
leaf_count=163 3126 180 195 602 312 356
internal_value=0.00336292 0.0711861 0.0949149 0.0648789 -0.0102249 0.040882
internal_weight=4934 1808 1645 1465 863 668
internal_count=4934 1808 1645 1465 863 668
is_linear=0
shrinkage=0.02


Tree=17
num_leaves=7
num_cat=0
split_feature=6 2 10 1 1 6
split_gain=34651.8 37520.1 22693.5 22647.5 29360.5 19405.3
threshold=-12.47514665824456 261.39509462179353 1.0000000180025095e-35 260.40452715111496 209.66695380095641 5.8207562083190121
decision_type=2 2 2 2 2 2
left_child=-1 2 -2 4 5 -4
right_child=1 -3 3 -5 -6 -7
leaf_value=-0.18077487532920888 -0.095376470172642072 0.3030635026727404 0.0018845056572835829 -0.20176463263375419 0.25918536524292568 0.14683476100248449
leaf_weight=379 745 165 2828 158 211 415
leaf_count=379 745 165 2828 158 211 415
internal_value=0.000375068 0.0159231 0.00437996 0.0251619 0.036095 0.0208279
internal_weight=4901 4522 4357 3612 3454 3243
internal_count=4901 4522 4357 3612 3454 3243
is_linear=0
shrinkage=0.02


Tree=18
num_leaves=7
num_cat=1
split_feature=7 8 12 0 5 0
split_gain=34811.8 34554.8 30797 73622.4 23151.6 12196.9
threshold=0.15946046197655486 -234.37346391034782 0 -96.58015473117176 759.02013242815099 59.775750261104051
decision_type=2 2 1 2 2 2
left_child=1 2 3 -1 -3 -5
right_child=-2 4 -4 5 -6 -7
leaf_value=-0.1301378847076203 -0.30079392083313156 -0.030743669753727356 0.010958642575434453 0.44527565133153346 -0.2670246988703302 0.19362080858692976
leaf_weight=187 151 2725 1338 218 167 155
leaf_count=187 151 2725 1338 218 167 155
internal_value=-0.011525 -0.00179841 0.064316 0.185919 -0.045261 0.348486
internal_weight=4941 4790 1898 560 2892 373
internal_count=4941 4790 1898 560 2892 373
cat_boundaries=0 1
cat_threshold=40
is_linear=0
shrinkage=0.02


Tree=19
num_leaves=7
num_cat=2
split_feature=2 1 2 6 12 12
split_gain=22367.4 27651.7 21006 25326.5 18643.6 13991
threshold=261.39509462179353 289.77906232928189 123.87157319201923 -4.0281945274989175 0 1
decision_type=2 2 2 2 1 1
left_child=1 2 5 4 -4 -1
right_child=-2 -3 3 -5 -6 -7
leaf_value=-0.0077074031812933179 0.19460144390887266 -0.24507224784683934 0.091521160537420321 0.094937194689120666 -0.14144611115269456 -0.10987530277715517
leaf_weight=1761 211 184 195 1363 377 756
leaf_count=1761 211 184 195 1363 377 756
internal_value=-0.00198796 -0.011335 -0.00114711 0.0482631 -0.0626754 -0.039173
internal_weight=4847 4636 4452 1935 572 2517
internal_count=4847 4636 4452 1935 572 2517
cat_boundaries=0 1 2
cat_threshold=12 113
is_linear=0
shrinkage=0.02


Tree=20
num_leaves=7
num_cat=0
split_feature=7 8 3 1 4 10
split_gain=33038.3 30727.7 31279.8 38336.8 25497.3 31338.8
threshold=0.13273668291836749 -255.99382324609451 1.2171315495308785 213.09752734359333 -228.33107461018682 2.5000000000000004
decision_type=2 2 2 2 2 2
left_child=1 2 3 4 -1 -6
right_child=-2 -3 -4 -5 5 -7
leaf_value=0.28399997490524043 -0.24178796297988517 -0.033930435185727803 -0.0484821312674662 0.40229783130091662 -0.077340740780315789 0.17988560085341057
leaf_weight=188 219 3021 564 169 451 312
leaf_count=188 219 3021 564 169 451 312
internal_value=-0.00720084 0.00420795 0.0724225 0.133197 0.0816869 0.0288086
internal_weight=4924 4705 1684 1120 951 763
internal_count=4924 4705 1684 1120 951 763
is_linear=0
shrinkage=0.02


Tree=21
num_leaves=7
num_cat=1
split_feature=12 3 8 0 3 7
split_gain=32509.8 44194.4 46765.5 31741.1 29738.6 20102.8
threshold=0 1.2101780203845447 -255.99382324609451 -94.104031697954653 1.4172111276383108 0.019263863686105897
decision_type=1 2 2 2 2 2
left_child=1 2 5 -3 -5 -1
right_child=-2 3 -4 4 -6 -7
leaf_value=0.38606164209075744 -0.042605372752063289 -0.28820519979717663 0.034032396875435487 -0.15574799487465307 0.22076494555762322 0.12492348642430753
leaf_weight=276 2969 196 908 161 155 224
leaf_count=276 2969 196 908 161 155 224
internal_value=-0.00123228 0.0625312 0.120513 -0.094975 0.0300408 0.273815
internal_weight=4889 1920 1408 512 316 500
internal_count=4889 1920 1408 512 316 500
cat_boundaries=0 1
cat_threshold=42
is_linear=0
shrinkage=0.02


Tree=22
num_leaves=7
num_cat=0
split_feature=1 2 7 10 8 8
split_gain=30672.1 39783.1 54527 16951.7 21236.3 25736.5
threshold=330.81011520885687 216.05126499756577 0.0086540641486933956 1.0000000180025095e-35 -234.37346391034782 -45.976471342646924
decision_type=2 2 2 2 2 2
left_child=1 3 -3 -1 -5 -6
right_child=-2 2 -4 4 5 -7
leaf_value=-0.085386805220942885 -0.25455257169483753 0.0015598096689247987 0.47119449133817859 0.080138891121615541 -0.063433012132687178 0.086904408704305866
leaf_weight=832 168 231 163 1255 1644 619
leaf_count=832 168 231 163 1255 1644 619
internal_value=0.00321148 0.012856 0.202704 -0.00476498 0.0144899 -0.0221097
internal_weight=4912 4744 394 4350 3518 2263
internal_count=4912 4744 394 4350 3518 2263
is_linear=0
shrinkage=0.02


Tree=23
num_leaves=7
num_cat=1
split_feature=8 11 11 12 3 8
split_gain=22425.1 26290 29241.6 20010.9 30919 19985.2
threshold=-196.85572030209815 2.5000000000000004 3.5000000000000004 0 1.1736216732552625 -81.633411389828709
decision_type=2 2 2 1 2 2
left_child=1 -1 -3 4 -4 -2
right_child=5 2 3 -5 -6 -7
leaf_value=-0.13976027002989852 -0.10788266181507189 0.28216798843912116 0.26727413361722774 -0.007456115217721041 -0.054185750864038422 0.0023596983740937546
leaf_weight=292 1264 203 298 1309 191 1359
leaf_count=292 1264 203 298 1309 191 1359
internal_value=-0.0111242 0.0344829 0.0604782 0.0340265 0.140332 -0.0509731
internal_weight=4916 2293 2001 1798 489 2623
internal_count=4916 2293 2001 1798 489 2623
cat_boundaries=0 1
cat_threshold=40
is_linear=0
shrinkage=0.02


Tree=24
num_leaves=7
num_cat=1
split_feature=12 3 1 6 7 2
split_gain=26500.1 33119.4 47368.6 33473.9 31920.6 27703.8
threshold=0 1.2227912611797163 209.66695380095641 4.6220258815565805 0.053928288738852186 156.77645341580032
decision_type=1 2 2 2 2 2
left_child=1 2 3 -1 -3 -5
right_child=-2 4 -4 5 -6 -7
leaf_value=0.0049989170891207805 -0.043778606270709737 0.0096530455196345306 0.36790280505402451 0.079850258183013015 -0.29654676063138929 0.40642974124235265
leaf_weight=1332 2303 530 209 284 173 160
leaf_count=1332 2303 530 209 284 173 160
internal_value=0.00581787 0.0482987 0.0901495 0.0555866 -0.0688014 0.203897
internal_weight=4991 2688 1985 1776 703 444
internal_count=4991 2688 1985 1776 703 444
cat_boundaries=0 1
cat_threshold=106
is_linear=0
shrinkage=0.02


Tree=25
num_leaves=7
num_cat=1
split_feature=12 3 1 7 7 0
split_gain=33407.4 34941.6 44533.2 39102.1 39137.8 29235.9
threshold=0 1.1479691490655346 209.66695380095641 0.069727131665995604 -0.049267578976694128 -77.659567010205919
decision_type=1 2 2 2 2 2
left_child=1 2 -1 4 -3 -6
right_child=-2 3 -4 -5 5 -7
leaf_value=0.062245995187205597 -0.058535499904537575 -0.26867511306490222 0.39492846421023325 -0.33980133002186996 -0.10591371374013947 0.19546679422767327
leaf_weight=1669 2220 151 169 152 195 342
leaf_count=1669 2220 151 169 152 195 342
internal_value=-0.00145249 0.0459565 0.0948069 -0.06025 0.00549471 0.0860914
internal_weight=4898 2678 1838 840 688 537
internal_count=4898 2678 1838 840 688 537
cat_boundaries=0 1
cat_threshold=106
is_linear=0
shrinkage=0.02


Tree=26
num_leaves=7
num_cat=0
split_feature=8 5 3 10 9 2
split_gain=30486.1 25122.9 61084.8 25261.5 37066.1 34602.4
threshold=-232.04066793985785 -506.606226403059 1.0721088082422681 1.0000000180025095e-35 1.2641356315534054 141.85587212805831
decision_type=2 2 2 2 2 2
left_child=1 2 -1 -3 5 -5
right_child=-2 3 -4 4 -6 -7
leaf_value=0.19086972234289298 -0.034487693800420736 -0.065210244077036364 -0.3168102405468623 -0.026051266339713153 0.32792756951274199 0.20436507783141458
leaf_weight=168 2912 297 194 572 303 466
leaf_count=168 2912 297 194 572 303 466
internal_value=0.00676762 0.0667081 -0.0824045 0.0999622 0.136756 0.0783549
internal_weight=4912 2000 362 1638 1341 1038
internal_count=4912 2000 362 1638 1341 1038
is_linear=0
shrinkage=0.02


Tree=27
num_leaves=7
num_cat=2
split_feature=11 12 8 12 11 6
split_gain=20754.9 40678.1 30889.9 27793.3 12686.3 14806.2
threshold=2.5000000000000004 0 -609.975327054687 1 4.5000000000000009 -7.0140415392960778
decision_type=2 1 2 1 2 2
left_child=3 2 -2 -1 -4 -6
right_child=1 -3 4 -5 5 -7
leaf_value=-0.2843272943442518 0.30197965044823905 -0.029812867215571512 0.18685458702278046 -0.01497589582716961 -0.12842471601718511 0.063276922967575144
leaf_weight=200 242 2600 247 527 185 927
leaf_count=200 242 2600 247 527 185 927
internal_value=0.00192682 0.0190592 0.0976978 -0.0959889 0.0600944 0.0305238
internal_weight=4928 4201 1601 727 1359 1112
internal_count=4928 4201 1601 727 1359 1112
cat_boundaries=0 1 2
cat_threshold=42 40
is_linear=0
shrinkage=0.02


Tree=28
num_leaves=7
num_cat=0
split_feature=1 8 9 8 9 7
split_gain=18970.9 31876.2 16173.9 21154.6 20072.9 18070
threshold=338.63511084158785 -776.61855322704912 1.279907282108588 -45.976471342646924 1.3473286066636139 -0.026035176282859517
decision_type=2 2 2 2 2 2
left_child=1 -1 3 5 -4 -3
right_child=-2 2 4 -5 -6 -7
leaf_value=0.26079339601586216 -0.20771048753157906 -0.1106050176477562 0.26620984175737866 0.08164437766193211 0.026349379090704953 -0.0052741586546801722
leaf_weight=189 151 932 178 727 552 2116
leaf_count=189 151 932 178 727 552 2116
internal_value=0.00578402 0.0130788 0.00213177 -0.014592 0.087643 -0.037738
internal_weight=4845 4694 4505 3775 730 3048
internal_count=4845 4694 4505 3775 730 3048
is_linear=0
shrinkage=0.02


Tree=29
num_leaves=7
num_cat=0
split_feature=3 0 8 8 6 8
split_gain=25970.1 42918.1 28438.3 24483.5 15396 12838.8
threshold=1.449428445908435 106.1118081334911 -720.73263489106751 -475.59174905347385 12.822858378446213 -482.5665015948793
decision_type=2 2 2 2 2 2
left_child=2 3 -1 -2 5 -4
right_child=1 -3 4 -5 -6 -7
leaf_value=0.22576194436189312 -0.41349961323709028 0.14825684073207143 -0.12575264526648564 -0.11123213343429128 0.15968979263939756 0.0041981647829277017
leaf_weight=232 154 172 323 343 225 3499
leaf_count=232 154 172 323 343 225 3499
internal_value=-0.00304133 -0.117962 0.0151591 -0.211201 0.00255924 -0.00708358
internal_weight=4948 669 4279 497 4047 3822
internal_count=4948 669 4279 497 4047 3822
is_linear=0
shrinkage=0.02


Tree=30
num_leaves=7
num_cat=1
split_feature=8 12 11 11 6 2
split_gain=22361.3 33186.6 33727.3 48888.9 23154.8 21867.6
threshold=-196.85572030209815 0 2.5000000000000004 4.5000000000000009 4.6220258815565805 162.99319927646482
decision_type=2 1 2 2 2 2
left_child=1 2 -1 -4 -3 -5
right_child=-2 4 3 5 -6 -7
leaf_value=-0.1458202040126558 -0.042027763296295644 0.0094380836618180725 0.42654774551925273 -0.0035988207013340468 -0.22009495959467895 0.2006698831078656
leaf_weight=163 2609 827 205 473 213 366
leaf_count=163 2609 827 205 473 213 366
internal_value=-0.00227244 0.0438693 0.114258 0.156946 -0.0388505 0.0868241
internal_weight=4856 2247 1207 1044 1040 839
internal_count=4856 2247 1207 1044 1040 839
cat_boundaries=0 1
cat_threshold=46
is_linear=0
shrinkage=0.02


Tree=31
num_leaves=7
num_cat=1
split_feature=12 10 0 8 4 8
split_gain=37788.8 25920.5 35117.7 47768 32923.9 26642
threshold=0 2.5000000000000004 -85.16809111589528 -344.09264623501855 -267.65487401602007 -523.78882818309205
decision_type=1 2 2 2 2 2
left_child=1 4 -3 -4 -1 -6
right_child=-2 2 3 -5 5 -7
leaf_value=0.25955050792545081 -0.056997428495533617 -0.10604597320396934 0.41203285364462783 0.08693622448699273 -0.25781802913422386 0.0029076102408272068
leaf_weight=166 2272 199 250 619 170 1213
leaf_count=166 2272 199 250 619 170 1213
internal_value=0.00241669 0.0540301 0.129543 0.184086 0.00181504 -0.0307618
internal_weight=4889 2617 1068 869 1549 1383
internal_count=4889 2617 1068 869 1549 1383
cat_boundaries=0 1
cat_threshold=106
is_linear=0
shrinkage=0.02


Tree=32
num_leaves=7
num_cat=1
split_feature=10 12 0 5 7 4
split_gain=32620.2 22517.2 25512.7 47903.2 16850.5 23870.1
threshold=2.5000000000000004 0 -85.16809111589528 116.23119094973778 0.13273668291836749 -97.560321373468824
decision_type=2 1 2 2 2 2
left_child=4 2 -2 -4 5 -1
right_child=1 -3 3 -5 -6 -7
leaf_value=0.078899599758896446 -0.066874789279266447 0.0086422218794812121 0.40665752534441846 0.050551935181146215 -0.22938682713821615 -0.060548993628523784
leaf_weight=626 169 1221 261 349 169 2152
leaf_count=626 169 1221 261 349 169 2152
internal_value=0.00107317 0.0632372 0.145659 0.20702 -0.041186 -0.0289551
internal_weight=4947 2000 779 610 2947 2778
internal_count=4947 2000 779 610 2947 2778
cat_boundaries=0 1
cat_threshold=42
is_linear=0
shrinkage=0.02


Tree=33
num_leaves=7
num_cat=0
split_feature=8 0 3 9 4 3
split_gain=24809.8 35045.8 32208.6 22446.2 25812.6 18961.9
threshold=-196.85572030209815 137.39994155246518 1.8166481540875004 1.303526101894479 89.862411229683161 1.4620759969729338
decision_type=2 2 2 2 2 2
left_child=1 2 3 4 5 -1
right_child=-2 -3 -4 -5 -6 -7
leaf_value=0.012767632581600095 -0.040527648068923866 0.32576161037823731 -0.23638793921348644 0.20149819228638169 0.20494338479930277 -0.21522709807843876
leaf_weight=1254 2627 160 161 316 245 155
leaf_count=1254 2627 160 161 316 245 155
internal_value=0.00135157 0.0493403 0.0271614 0.0497852 0.0197634 -0.0136534
internal_weight=4918 2291 2131 1970 1654 1409
internal_count=4918 2291 2131 1970 1654 1409
is_linear=0
shrinkage=0.02


Tree=34
num_leaves=7
num_cat=0
split_feature=6 8 1 5 3 1
split_gain=24563.3 29462 18186.8 17539.9 24435.4 30946.7
threshold=-7.0140415392960778 -232.04066793985785 232.10980190143655 -206.02290041211168 1.0876136760336383 135.40819643229003
decision_type=2 2 2 2 2 2
left_child=2 3 -1 4 5 -2
right_child=1 -3 -4 -5 -6 -7
leaf_value=-0.059326114929758991 -0.019113321162450809 -0.031606578785610503 -0.30076956333558252 0.14949069714499261 -0.090157759548039049 0.29153635053343363
leaf_weight=565 303 2516 153 728 434 211
leaf_count=565 303 2516 153 728 434 211
internal_value=-0.00695834 0.011638 -0.1142 0.0763589 0.0192244 0.11154
internal_weight=4910 4192 718 1676 948 514
internal_count=4910 4192 718 1676 948 514
is_linear=0
shrinkage=0.02


Tree=35
num_leaves=7
num_cat=1
split_feature=10 12 0 1 0 8
split_gain=31021.7 28476.1 44248.9 42724.1 30575.4 17977.7
threshold=1.0000000180025095e-35 0 -101.38379049103806 136.90823974145042 59.775750261104051 -650.72143622806709
decision_type=2 1 2 2 2 2
left_child=-1 2 -2 -4 -5 -3
right_child=1 5 3 4 -6 -7
leaf_value=-0.0998334670860722 -0.17215976232189242 -0.19460860915522102 0.037394879266158143 0.51459835087930839 0.16252713903784752 0.0084588798873910503
leaf_weight=936 167 176 442 175 242 2784
leaf_count=936 167 176 442 175 242 2784
internal_value=0.00315941 0.0275337 0.117197 0.176134 0.31887 -0.0042158
internal_weight=4922 3986 1026 859 417 2960
internal_count=4922 3986 1026 859 417 2960
cat_boundaries=0 1
cat_threshold=10
is_linear=0
shrinkage=0.02


Tree=36
num_leaves=7
num_cat=0
split_feature=10 1 4 0 3 3
split_gain=22947.5 31013.3 41658.7 20142.2 14362.8 13790.8
threshold=2.5000000000000004 289.77906232928189 -267.65487401602007 96.988020649206874 0.74510365267604428 1.5176762067704874
decision_type=2 2 2 2 2 2
left_child=1 2 -1 5 -4 -2
right_child=3 -3 4 -5 -6 -7
leaf_value=0.26638960527863731 0.042614749496149039 -0.30777960217517353 0.021196298878339185 0.20173503355766906 -0.076420811717514012 -0.142636031501823
leaf_weight=177 1506 151 919 288 1723 170
leaf_count=177 1506 151 919 288 1723 170
internal_value=-0.00271785 -0.0377462 -0.022245 0.0501755 -0.0425135 0.0230898
internal_weight=4934 2970 2819 1964 2642 1676
internal_count=4934 2970 2819 1964 2642 1676
is_linear=0
shrinkage=0.02


Tree=37
num_leaves=7
num_cat=1
split_feature=12 10 4 5 8 0
split_gain=23066.9 19146 27550 30082.1 15900.6 12263.1
threshold=0 2.5000000000000004 -121.77779892303123 13.41545431847346 -89.851672241188496 106.1118081334911
decision_type=1 2 2 2 2 2
left_child=1 -1 -3 -4 -5 -2
right_child=5 2 3 4 -6 -7
leaf_value=-0.010103577622914568 -0.059599216222962562 -0.085714155768189942 0.38608630383501252 -0.025038418576839461 0.21507338376033425 0.089664030564771166
leaf_weight=1217 2679 201 186 239 192 231
leaf_count=1217 2679 201 186 239 192 231
internal_value=-0.0113527 0.0400975 0.11449 0.180037 0.084377 -0.0473219
internal_weight=4945 2035 818 617 431 2910
internal_count=4945 2035 818 617 431 2910
cat_boundaries=0 1
cat_threshold=74
is_linear=0
shrinkage=0.02


Tree=38
num_leaves=7
num_cat=1
split_feature=11 12 3 8 2 6
split_gain=25513.8 30983.8 51069.1 43988.4 24923.6 14546.6
threshold=2.5000000000000004 0 1.2171315495308785 -255.99382324609451 153.51869018868882 1.8381145593093786
decision_type=2 1 2 2 2 2
left_child=4 2 3 -2 -1 -5
right_child=1 -3 -4 5 -6 -7
leaf_value=-0.038440351050633648 0.38677314621371195 -0.013945660150841831 -0.10936801152624143 0.0037831604166163341 -0.30543297073603926 0.22201050259093655
leaf_weight=536 286 3048 304 350 181 178
leaf_count=536 286 3048 304 350 181 178
internal_value=0.000231309 0.0192667 0.108298 0.191244 -0.109114 0.0801114
internal_weight=4883 4166 1118 814 717 528
internal_count=4883 4166 1118 814 717 528
cat_boundaries=0 1
cat_threshold=40
is_linear=0
shrinkage=0.02


Tree=39
num_leaves=7
num_cat=1
split_feature=12 0 8 9 0 5
split_gain=27114 36846.3 40749 33254.3 32927.3 27533.7
threshold=0 -98.894672837441234 -234.37346391034782 1.249212041783289 -13.32976737989655 -155.54385822169169
decision_type=1 2 2 2 2 2
left_child=1 5 3 4 -3 -1
right_child=-2 2 -4 -5 -6 -7
leaf_value=-0.28566450520115005 -0.023383889391822846 0.36549452313205649 0.034359567094134146 0.48837030499446682 0.011136833974308345 0.073139434241386789
leaf_weight=171 2953 161 994 154 273 156
leaf_count=171 2953 161 994 154 273 156
internal_value=0.0146052 0.0729274 0.113217 0.243719 0.147863 -0.117401
internal_weight=4862 1909 1582 588 434 327
internal_count=4862 1909 1582 588 434 327
cat_boundaries=0 1
cat_threshold=42
is_linear=0
shrinkage=0.02


Tree=40
num_leaves=7
num_cat=1
split_feature=1 4 12 10 1 4
split_gain=30950.8 27144.7 26341.9 21118.1 33622.7 18380
threshold=330.81011520885687 -247.05608522344372 0 2.5000000000000004 209.66695380095641 -13.688751089592216
decision_type=2 2 1 2 2 2
left_child=1 2 -1 -3 5 -5
right_child=-2 3 -4 4 -6 -7
leaf_value=0.33799577856324414 -0.26824329620120174 -0.047357402414031559 0.0078405164319927962 -0.077207920460911725 0.30238127899153272 0.06427799811231158
leaf_weight=163 164 2573 218 567 169 1001
leaf_count=163 164 2573 218 567 169 1001
internal_value=-0.00631385 0.00339448 0.162965 -0.011056 0.0426802 0.0129506
internal_weight=4855 4691 381 4310 1737 1568
internal_count=4855 4691 381 4310 1737 1568
cat_boundaries=0 1
cat_threshold=38
is_linear=0
shrinkage=0.02


Tree=41
num_leaves=7
num_cat=0
split_feature=10 4 1 3 4 7
split_gain=26449.9 33126.5 67261.8 34804.5 23733 18235.9
threshold=2.5000000000000004 -65.46246075648456 199.60039464716991 1.4414154981629488 -170.08301806008026 0.13273668291836749
decision_type=2 2 2 2 2 2
left_child=5 3 -3 4 -2 -1
right_child=1 2 -4 -5 -6 -7
leaf_value=-0.021980749928270992 0.16942329549989779 0.057491641986160733 0.46049261956943754 -0.30970878324594842 -0.10917315013765816 -0.23258345128638402
leaf_weight=2796 228 1200 183 156 242 165
leaf_count=2796 228 1200 183 156 242 165
internal_value=0.00350589 0.0593558 0.11374 -0.0606927 0.0266898 -0.0344598
internal_weight=4970 2009 1383 626 470 2961
internal_count=4970 2009 1383 626 470 2961
is_linear=0
shrinkage=0.02


Tree=42
num_leaves=7
num_cat=2
split_feature=11 12 3 8 11 12
split_gain=28880.1 32173 82923.1 34604.8 23877.7 23378.1
threshold=2.5000000000000004 0 1.2101780203845447 -168.54941474577666 3.5000000000000004 1
decision_type=2 1 2 2 2 1
left_child=5 2 3 -2 -3 -1
right_child=1 4 -4 -5 -6 -7
leaf_value=-0.30351411595298916 0.45951741091275622 0.14178257825699719 -0.23808590941876173 0.087232117029051717 -0.026761162795969438 -0.04946865013198732
leaf_weight=189 226 364 150 183 3322 534
leaf_count=189 226 364 150 183 3322 534
internal_value=-0.00799386 0.0119969 0.150584 0.299002 -0.00975216 -0.123929
internal_weight=4968 4245 559 409 3686 723
internal_count=4968 4245 559 409 3686 723
cat_boundaries=0 1 2
cat_threshold=8 40
is_linear=0
shrinkage=0.02


Tree=43
num_leaves=7
num_cat=0
split_feature=6 2 6 8 7 8
split_gain=26165.6 24475.1 17730.3 15939.2 26733.9 18026.8
threshold=-5.1839435810313574 123.87157319201923 11.400342828475909 -168.54941474577666 -0.014838233667666055 -81.633411389828709
decision_type=2 2 2 2 2 2
left_child=-1 -2 3 4 -3 -5
right_child=1 2 -4 5 -6 -7
leaf_value=-0.097909234315305071 -0.028983951480260423 0.38333780875235252 -0.068124828540055693 -0.11211179388320351 0.099035843542600671 0.1145277120970237
leaf_weight=996 2147 153 297 244 777 304
leaf_count=996 2147 153 297 244 777 304
internal_value=-0.00690317 0.0163982 0.0711464 0.0994023 0.149389 0.0134145
internal_weight=4918 3922 1775 1478 930 548
internal_count=4918 3922 1775 1478 930 548
is_linear=0
shrinkage=0.02


Tree=44
num_leaves=7
num_cat=1
split_feature=10 12 4 7 7 2
split_gain=20990.5 18755.7 15806 15784 16245.3 15283.5
threshold=2.5000000000000004 0 -39.090193912539341 0.13273668291836749 0.00096626789387448911 173.14114929001133
decision_type=2 1 2 2 2 2
left_child=3 2 -2 4 -1 -6
right_child=1 -3 -4 -5 5 -7
leaf_value=-0.065871166533262762 0.012464393742346877 0.012161944221936916 0.23892516609241671 -0.21498408370255107 -0.004403026562180468 0.16685953253098115
leaf_weight=1527 199 1443 319 171 1017 252
leaf_count=1527 199 1443 319 171 1017 252
internal_value=-0.000396203 0.0502305 0.150951 -0.0339136 -0.0221129 0.0306453
internal_weight=4928 1961 518 2967 2796 1269
internal_count=4928 1961 518 2967 2796 1269
cat_boundaries=0 1
cat_threshold=10
is_linear=0
shrinkage=0.02


Tree=45
num_leaves=7
num_cat=0
split_feature=1 8 8 1 9 5
split_gain=32658.1 16261.8 12454.4 10965.2 23330 28864.3
threshold=338.63511084158785 -234.37346391034782 -46.841950073099873 112.60297416163202 1.0572864906386046 -279.01013719962504
decision_type=2 2 2 2 2 2
left_child=1 3 -3 -1 -5 -6
right_child=-2 2 -4 4 5 -7
leaf_value=-0.024533771975203917 -0.28375072401083873 -0.054494072052274509 0.036965521393920023 0.16282061868253814 -0.13838185344504692 0.13331643113822841
leaf_weight=577 157 2085 824 648 318 289
leaf_count=577 157 2085 824 648 318 289
internal_value=-0.00886618 0.000814812 -0.0285494 0.0473437 0.0803228 -0.00895889
internal_weight=4898 4741 2909 1832 1255 607
internal_count=4898 4741 2909 1832 1255 607
is_linear=0
shrinkage=0.02


Tree=46
num_leaves=7
num_cat=0
split_feature=10 1 1 5 8 1
split_gain=34990.1 27406.8 25596 15516.5 15130.4 17472.7
threshold=2.5000000000000004 232.10980190143655 221.9694339727732 -352.70771220670673 -196.85572030209815 145.3109137364485
decision_type=2 2 2 2 2 2
left_child=1 4 3 -2 -1 -6
right_child=2 -3 -4 -5 5 -7
leaf_value=0.038734721959905419 0.21927998551054498 -0.21867641380220554 0.24620923017018609 0.019399533463346077 -0.030250196175679148 -0.21810889697355085
leaf_weight=1071 163 297 270 1551 1321 224
leaf_count=1071 163 297 270 1551 1321 224
internal_value=0.00419702 -0.0398775 0.0687847 0.0395697 -0.0188226 -0.0587141
internal_weight=4897 2913 1984 1714 2616 1545
internal_count=4897 2913 1984 1714 2616 1545
is_linear=0
shrinkage=0.02


Tree=47
num_leaves=7
num_cat=2
split_feature=10 6 12 0 12 4
split_gain=20005.6 34126.6 19145.5 16980 21768.1 13816.7
threshold=1.0000000180025095e-35 -12.130164565973265 0 36.70567959812022 1 -13.688751089592216
decision_type=2 2 1 2 1 2
left_child=-1 -2 -3 4 -4 -5
right_child=1 2 3 5 -6 -7
leaf_value=-0.085967747122525917 -0.22436747829119366 0.10882033265369424 0.090841126258725091 -0.2146265730869423 -0.039760515172613989 -0.024075522973517744
leaf_weight=928 212 924 1171 196 880 595
leaf_count=928 212 924 1171 196 880 595
internal_value=-0.00286664 0.0166864 0.0308143 0.0047619 0.0351321 -0.0733817
internal_weight=4906 3978 3766 2842 2051 791
internal_count=4906 3978 3766 2842 2051 791
cat_boundaries=0 1 2
cat_threshold=10 112
is_linear=0
shrinkage=0.02


Tree=48
num_leaves=7
num_cat=0
split_feature=10 8 4 4 3 0
split_gain=19715.7 22127.6 33839.3 17899.6 14572.9 20715.1
threshold=2.5000000000000004 -370.61913703413319 -104.70180965239321 34.684867623617265 1.0938348219004441 -62.498615838170728
decision_type=2 2 2 2 2 2
left_child=4 2 -2 -3 5 -1
right_child=1 3 -4 -5 -6 -7
leaf_value=0.21325741044657176 0.02602790082964981 -0.056924253854076783 0.36654556922214787 0.079539718624326017 -0.091040112924985817 -0.016325513957449411
leaf_weight=162 275 709 195 817 964 1818
leaf_count=162 275 709 195 817 964 1818
internal_value=0.00516662 0.0535447 0.172 0.0161789 -0.0277034 0.0034358
internal_weight=4940 1996 470 1526 2944 1980
internal_count=4940 1996 470 1526 2944 1980
is_linear=0
shrinkage=0.02


Tree=49
num_leaves=7
num_cat=0
split_feature=1 4 0 1 0 4
split_gain=33644.7 25370.4 30543.8 17381 20059.9 10773.8
threshold=304.62243773347683 -228.33107461018682 -41.144653740610153 209.66695380095641 -26.663033875680693 -13.688751089592216
decision_type=2 2 2 2 2 2
left_child=1 2 -1 5 -5 -3
right_child=-2 3 -4 4 -6 -7
leaf_value=0.00058220674268534924 -0.23909372899483661 -0.069764697045413146 0.34768938346948042 0.2851126937365826 -0.01594810007240972 -0.00063319137760422715
leaf_weight=234 235 1387 169 152 193 2544
leaf_count=234 235 1387 169 152 193 2544
internal_value=-0.010627 0.00133308 0.151037 -0.0130956 0.120988 -0.0251404
internal_weight=4914 4679 403 4276 345 3931
internal_count=4914 4679 403 4276 345 3931
is_linear=0
shrinkage=0.02


Tree=50
num_leaves=7
num_cat=0
split_feature=6 10 2 8 8 8
split_gain=22155.7 22824 43570.4 14573.3 20801 24272.7
threshold=-5.1839435810313574 1.0000000180025095e-35 216.05126499756577 -42.71489286036045 -232.04066793985785 -534.36742515054368
decision_type=2 2 2 2 2 2
left_child=-1 -2 3 4 5 -3
right_child=1 2 -4 -5 -6 -7
leaf_value=-0.083387205366951975 -0.084352708400258575 -0.10339725476027441 0.28438562027076736 0.12272013486880833 -0.048918582663691347 0.11623675046701759
leaf_weight=1013 671 253 264 463 1418 864
leaf_count=1013 671 253 264 463 1418 864
internal_value=-0.000451839 0.0210666 0.0429432 0.0208073 0.00178456 0.0660137
internal_weight=4946 3933 3262 2998 2535 1117
internal_count=4946 3933 3262 2998 2535 1117
is_linear=0
shrinkage=0.02


Tree=51
num_leaves=7
num_cat=1
split_feature=10 0 8 6 12 11
split_gain=24936.9 20834.6 40932.4 26216.4 25391.9 12013
threshold=2.5000000000000004 -85.16809111589528 -349.34018641926519 4.6220258815565805 0 11.500000000000002
decision_type=2 2 2 2 1 2
left_child=5 -2 4 -4 -3 -1
right_child=1 2 3 -5 -6 -7
leaf_value=-0.044743477605800434 -0.094967416884915154 0.45630826183229856 -0.0007232743551116844 0.25367895543102231 0.094034092231438715 0.10142124242050861
leaf_weight=2684 288 151 1135 179 188 236
leaf_count=2684 288 151 1135 179 188 236
internal_value=0.00427333 0.0596641 0.0870144 0.035587 0.279621 -0.0326243
internal_weight=4861 1941 1653 1314 339 2920
internal_count=4861 1941 1653 1314 339 2920
cat_boundaries=0 1
cat_threshold=42
is_linear=0
shrinkage=0.02


Tree=52
num_leaves=7
num_cat=0
split_feature=6 5 10 2 5 1
split_gain=19084.1 20759.2 20276.2 16669.6 20881.6 24819.8
threshold=-5.1839435810313574 -135.54936737716244 1.0000000180025095e-35 135.47965664050204 -564.85876902731491 205.39917248743214
decision_type=2 2 2 2 2 2
left_child=1 -1 -2 -4 -5 -6
right_child=2 -3 3 4 5 -7
leaf_value=0.065279098105492692 -0.078288284749555667 -0.13386355989238272 0.010279098391138211 -0.10024158196491108 0.080868369050057134 0.31742973885595549
leaf_weight=290 654 699 2142 161 716 231
leaf_count=290 654 699 2142 161 716 231
internal_value=0.00262724 -0.0754009 0.0225363 0.0430032 0.105608 0.141286
internal_weight=4893 989 3904 3250 1108 947
internal_count=4893 989 3904 3250 1108 947
is_linear=0
shrinkage=0.02


Tree=53
num_leaves=7
num_cat=2
split_feature=12 3 8 1 1 12
split_gain=26891.8 44697 42469.7 29372.6 30032.9 51348.2
threshold=0 1.1896182605304895 -168.54941474577666 209.66695380095641 157.43900192082134 1
decision_type=1 2 2 2 2 1
left_child=1 2 3 4 5 -1
right_child=-2 -3 -4 -5 -6 -7
leaf_value=0.46552486262642417 -0.029430848374658189 -0.089397333001871401 0.018827112898374031 0.47289676649484802 -0.060727324091285645 -0.021501094543043223
leaf_weight=188 2993 524 717 157 163 154
leaf_count=188 2993 524 717 157 163 154
internal_value=0.00791478 0.0663053 0.126165 0.240411 0.160354 0.264454
internal_weight=4896 1903 1379 662 505 342
internal_count=4896 1903 1379 662 505 342
cat_boundaries=0 1 2
cat_threshold=42 40
is_linear=0
shrinkage=0.02


Tree=54
num_leaves=7
num_cat=0
split_feature=10 0 5 9 4 9
split_gain=24361.3 20010.7 43454.6 34430.3 19882.8 23501.7
threshold=2.5000000000000004 -85.16809111589528 -352.70771220670673 1.2433844146638013 -13.688751089592216 0.70702945327237243
decision_type=2 2 2 2 2 2
left_child=-1 -2 -3 4 -4 -6
right_child=1 2 3 -5 5 -7
leaf_value=-0.037656321267976044 -0.093253202551640921 0.36702672810630593 -0.11259450297957171 0.24819668324451166 0.19723774226103907 -0.023232859819854571
leaf_weight=2902 307 178 412 261 291 536
leaf_count=2902 307 178 412 261 291 536
internal_value=-0.000773046 0.0530675 0.0802316 0.0439933 -0.000665702 0.0557747
internal_weight=4887 1985 1678 1500 1239 827
internal_count=4887 1985 1678 1500 1239 827
is_linear=0
shrinkage=0.02


Tree=55
num_leaves=7
num_cat=0
split_feature=10 0 5 2 0 5
split_gain=20149.4 25038.3 25282.5 22947.1 21405.5 22696.1
threshold=1.0000000180025095e-35 163.98371299037319 -506.606226403059 135.47965664050204 35.600233539256905 61.580230476170364
decision_type=2 2 2 2 2 2
left_child=-1 2 -2 -4 -5 -6
right_child=1 -3 3 4 5 -7
leaf_value=-0.081582098130378325 -0.17809534502208682 0.25537179050945691 -0.011368568960190084 0.16529023100988297 0.14580542759679671 -0.14097522285346303
leaf_weight=946 256 164 2357 700 189 238
leaf_count=946 256 164 2357 700 189 238
internal_value=0.000734348 0.0208384 0.00990046 0.0241843 0.0979855 -0.0136077
internal_weight=4850 3904 3740 3484 1127 427
internal_count=4850 3904 3740 3484 1127 427
is_linear=0
shrinkage=0.02


Tree=56
num_leaves=7
num_cat=1
split_feature=6 8 9 0 12 9
split_gain=16657.8 16881.5 23391.9 29355.5 31436.6 22038.6
threshold=22.48368498014575 -234.37346391034782 1.1797145288870692 -96.58015473117176 0 1.0295109035829686
decision_type=2 2 2 2 1 2
left_child=1 2 5 -4 -5 -1
right_child=-2 -3 3 4 -6 -7
leaf_value=0.059766176692735887 -0.19145152379527236 -0.017897546708207909 -0.057189247325978465 0.43834156846637051 0.080586131458099078 -0.12523024928723944
leaf_weight=982 155 2844 169 177 240 338
leaf_count=982 155 2844 169 177 240 338
internal_value=0.00612566 0.0129616 0.0588605 0.162867 0.251301 0.0118105
internal_weight=4905 4750 1906 586 417 1320
internal_count=4905 4750 1906 586 417 1320
cat_boundaries=0 1
cat_threshold=44
is_linear=0
shrinkage=0.02


Tree=57
num_leaves=7
num_cat=2
split_feature=8 12 0 5 4 12
split_gain=18489.2 45741.5 44294.1 47927.2 23115.5 19232.4
threshold=-255.99382324609451 0 -91.018788788481118 -368.79395694450187 -247.05608522344372 1
decision_type=2 1 2 2 2 1
left_child=1 2 3 -1 -4 -2
right_child=5 -3 4 -5 -6 -7
leaf_value=-0.29764571173590904 -0.14526184484775642 -0.057845373473927646 0.44586814048813611 0.17275740005868545 0.16596699711119495 -0.0061163229487906645
leaf_weight=151 449 815 154 178 516 2630
leaf_count=151 449 815 154 178 516 2630
internal_value=0.00251713 0.053003 0.142275 -0.0455533 0.235913 -0.0273021
internal_weight=4893 1814 999 329 670 3079
internal_count=4893 1814 999 329 670 3079
cat_boundaries=0 1 2
cat_threshold=46 4
is_linear=0
shrinkage=0.02


Tree=58
num_leaves=7
num_cat=0
split_feature=7 5 6 3 10 2
split_gain=28855.1 22757.7 15906.8 24206 16410.1 23310.4
threshold=0.12412863878609307 -51.562276245014075 5.3749775049927182 1.0018907649370232 3.5000000000000004 189.80239735317585
decision_type=2 2 2 2 2 2
left_child=1 2 4 -4 5 -1
right_child=-2 -3 3 -5 -6 -7
leaf_value=0.041216160439608393 -0.22569825760696244 -0.029031011331438143 0.35896330850774588 0.020972036697010307 0.16345884988144621 -0.19218909838489281
leaf_weight=845 220 3012 155 177 284 204
leaf_count=845 220 3012 155 177 284 204
internal_value=-0.00699477 0.00375235 0.062877 0.184651 0.0313985 -0.00556058
internal_weight=4897 4677 1665 332 1333 1049
internal_count=4897 4677 1665 332 1333 1049
is_linear=0
shrinkage=0.02


Tree=59
num_leaves=7
num_cat=1
split_feature=5 12 3 1 0 3
split_gain=17048.8 14489.8 19888.7 41406.7 33801.7 18578.4
threshold=660.23011033039722 0 1.1736216732552625 209.66695380095641 -77.659567010205919 1.4261675701097551
decision_type=2 1 2 2 2 2
left_child=1 2 3 -1 -4 -6
right_child=-2 -3 4 -5 5 -7
leaf_value=0.047515250715682404 -0.15065344324204286 -0.028408531171607448 -0.20355729040335263 0.38322233424596264 -0.039808568466366746 0.22800822692981126
leaf_weight=1544 274 2164 300 153 244 167
leaf_count=1544 274 2164 300 153 244 167
internal_value=-0.00028471 0.00903602 0.042606 0.07985 -0.045571 0.0718434
internal_weight=4846 4572 2408 1697 711 411
internal_count=4846 4572 2408 1697 711 411
cat_boundaries=0 1
cat_threshold=106
is_linear=0
shrinkage=0.02


Tree=60
num_leaves=7
num_cat=1
split_feature=7 5 11 12 3 6
split_gain=23469.1 23837.7 24274.9 28402.6 24362.6 16968.2
threshold=0.13273668291836749 -51.562276245014075 2.5000000000000004 0 1.0391698875884827 -5.1839435810313574
decision_type=2 2 2 1 2 2
left_child=1 2 -1 4 -4 -3
right_child=-2 5 3 -5 -6 -7
leaf_value=-0.13479403979481666 -0.20361521139740946 -0.1172546577665521 0.43449605967781757 0.044486621876924197 0.089655035083652829 -0.0027829480471270639
leaf_weight=203 214 651 155 1159 176 2396
leaf_count=203 214 651 155 1159 176 2396
internal_value=-0.0035666 0.00587478 0.0658287 0.0938783 0.25176 -0.0275437
internal_weight=4954 4740 1693 1490 331 3047
internal_count=4954 4740 1693 1490 331 3047
cat_boundaries=0 1
cat_threshold=40
is_linear=0
shrinkage=0.02


Tree=61
num_leaves=7
num_cat=0
split_feature=6 5 3 5 3 1
split_gain=19370.2 21057.4 23266.2 20488.2 50868.7 39947
threshold=-5.1839435810313574 338.25146292393464 1.1837548298442579 -439.11478564560952 1.0721088082422681 205.39917248743214
decision_type=2 2 2 2 2 2
left_child=1 2 -1 4 -2 -5
right_child=3 -3 -4 5 -6 -7
leaf_value=0.047703418918245005 0.12457772665865281 -0.24045809848763136 -0.18810295218205358 0.0067840393333554808 -0.35360159507550692 0.23405763127713439
leaf_weight=502 160 247 239 3160 180 333
leaf_count=502 160 247 239 3160 180 333
internal_value=-0.00588494 -0.08438 -0.0298449 0.014515 -0.131446 0.0290571
internal_weight=4821 988 741 3833 340 3493
internal_count=4821 988 741 3833 340 3493
is_linear=0
shrinkage=0.02


Tree=62
num_leaves=7
num_cat=0
split_feature=2 1 8 1 1 11
split_gain=15255.4 25377.9 16823.1 9113.27 21369 18637.2
threshold=274.16703355779902 296.07987626020054 -720.73263489106751 209.66695380095641 175.92371610268177 6.5000000000000009
decision_type=2 2 2 2 2 2
left_child=1 2 -1 4 -4 -6
right_child=-2 -3 3 -5 5 -7
leaf_value=0.19792386395335196 0.18908656132571838 -0.23147437055060205 0.0035860389466270477 0.09720877786303124 -0.010248757186035316 -0.30408061290801752
leaf_weight=165 160 178 3767 332 170 167
leaf_count=165 160 178 3767 332 170 167
internal_value=0.00290706 -0.00370801 0.00558653 -0.00199667 -0.0102388 -0.160424
internal_weight=4939 4779 4601 4436 4104 337
internal_count=4939 4779 4601 4436 4104 337
is_linear=0
shrinkage=0.02


Tree=63
num_leaves=7
num_cat=0
split_feature=3 0 7 8 9 8
split_gain=18174.7 29501.2 24578.7 36831.4 32498.5 28587.4
threshold=0.76787327602896127 42.857515764070939 0.018117708504311689 -319.73220711754396 1.0262351151910221 -566.88342561447928
decision_type=2 2 2 2 2 2
left_child=1 -1 3 4 -2 -6
right_child=2 -3 -4 -5 5 -7
leaf_value=0.089422374239617727 0.29551609838282683 -0.1468593731416544 -0.10630695711801966 -0.044437743677723456 -0.19372806415054369 0.15733789040073412
leaf_weight=1292 273 243 1145 1568 151 209
leaf_count=1292 273 243 1145 1568 151 209
internal_value=-0.00546656 0.0513091 -0.031588 0.0075871 0.135144 0.00882913
internal_weight=4881 1535 3346 2201 633 360
internal_count=4881 1535 3346 2201 633 360
is_linear=0
shrinkage=0.02


Tree=64
num_leaves=7
num_cat=0
split_feature=1 8 9 4 10 9
split_gain=16653.5 26345.3 15069.8 37056.8 31810.8 19266.5
threshold=330.81011520885687 -720.73263489106751 1.2764559811780789 -138.88597144835524 2.5000000000000004 1.0188667153779047
decision_type=2 2 2 2 2 2
left_child=1 -1 5 -4 -5 -3
right_child=-2 2 3 4 -6 -7
leaf_value=0.20586796217220876 -0.18793185073043664 0.0038152598997647316 0.34325859683193266 -0.11604081725252086 0.17022805791235332 -0.095528299327111543
leaf_weight=232 181 2732 150 367 254 1083
leaf_count=232 181 2732 150 367 254 1083
internal_value=-0.00477375 0.00248203 -0.00823255 0.0718492 0.00189036 -0.0245623
internal_weight=4999 4818 4586 771 621 3815
internal_count=4999 4818 4586 771 621 3815
is_linear=0
shrinkage=0.02


Tree=65
num_leaves=7
num_cat=0
split_feature=6 2 7 2 10 7
split_gain=22498.9 24907.4 14845.3 18070.2 16153.8 14740
threshold=-5.1839435810313574 123.87157319201923 -0.11177187553693803 206.91974052081409 2.5000000000000004 -0.014838233667666055
decision_type=2 2 2 2 2 2
left_child=2 -2 -1 4 -4 -3
right_child=1 5 3 -5 -6 -7
leaf_value=0.041098516719149693 -0.022505433458914616 0.20627184369961421 -0.16708638997454395 -0.31456580014285929 0.048438600602770041 0.051870100383400716
leaf_weight=270 2186 290 313 157 238 1485
leaf_count=270 2186 290 313 157 238 1485
internal_value=0.00141935 0.0226657 -0.0839889 -0.1316 -0.0747881 0.0781106
internal_weight=4939 3961 978 708 551 1775
internal_count=4939 3961 978 708 551 1775
is_linear=0
shrinkage=0.02


Tree=66
num_leaves=7
num_cat=1
split_feature=6 0 12 0 0 10
split_gain=20349.9 28781.6 19256.1 19339.9 15494.7 19254.7
threshold=-5.1839435810313574 141.28637624683861 0 -85.16809111589528 35.600233539256905 1.0000000180025095e-35
decision_type=2 2 1 2 2 2
left_child=-1 2 3 -2 5 -5
right_child=1 -3 -4 4 -6 -7
leaf_value=-0.079867400033653127 -0.081889945704963316 0.24621249740112558 -0.040735678915186674 -0.07629641962088185 -0.0026525052248412731 0.16370129440602821
leaf_weight=1018 352 203 1752 152 575 857
leaf_count=1018 352 203 1752 152 575 857
internal_value=-0.000705615 0.0201571 0.00708207 0.050293 0.080312 0.127153
internal_weight=4909 3891 3688 1936 1584 1009
internal_count=4909 3891 3688 1936 1584 1009
cat_boundaries=0 1
cat_threshold=106
is_linear=0
shrinkage=0.02


Tree=67
num_leaves=7
num_cat=0
split_feature=7 7 8 3 2 8
split_gain=28716.2 24053.5 32990.8 19038.7 11328.3 10238.8
threshold=0.13273668291836749 -0.024963602151877543 -776.61855322704912 1.5176762067704874 219.15663524995932 -392.44760084865544
decision_type=2 2 2 2 2 2
left_child=1 3 -3 4 5 -1
right_child=-2 2 -4 -5 -6 -7
leaf_value=0.15082636716961861 -0.22319972622797685 0.31385894235951944 0.033922637992699921 -0.22687089607675576 -0.1760138412405011 -0.019940681794157384
leaf_weight=150 197 169 2927 191 153 1139
leaf_count=150 197 169 2927 191 153 1139
internal_value=0.0074024 0.0174595 0.0501647 -0.0444741 -0.0189187 0.000939473
internal_weight=4926 4729 3096 1633 1442 1289
internal_count=4926 4729 3096 1633 1442 1289
is_linear=0
shrinkage=0.02


Tree=68
num_leaves=7
num_cat=0
split_feature=10 9 1 9 1 4
split_gain=24960.2 22499.7 22217.2 22346.8 17355.6 15007.6
threshold=2.5000000000000004 1.2595465629980445 199.60039464716991 1.0754966913661235 283.34490742157817 -247.05608522344372
decision_type=2 2 2 2 2 2
left_child=4 2 3 -2 5 -1
right_child=1 -3 -4 -5 -6 -7
leaf_value=0.15609101244596521 0.04250665441587162 0.2017074558870964 0.22073357069492339 -0.16266791888694657 -0.22360808610916139 -0.02463167459802874
leaf_weight=188 1129 393 210 251 154 2561
leaf_count=188 1129 393 210 251 154 2561
internal_value=0.0136263 0.0681426 0.0340751 0.00428687 -0.0237191 -0.0117514
internal_weight=4886 1983 1590 1380 2903 2749
internal_count=4886 1983 1590 1380 2903 2749
is_linear=0
shrinkage=0.02


Tree=69
num_leaves=7
num_cat=0
split_feature=1 8 6 1 8 1
split_gain=28789.4 25287.7 19208.1 11896.5 29335.3 22762.4
threshold=338.63511084158785 -776.61855322704912 16.339142327169714 205.39917248743214 -425.45297841974246 186.06045298701682
decision_type=2 2 2 2 2 2
left_child=1 -1 3 5 -5 -3
right_child=-2 2 -4 4 -6 -7
leaf_value=0.24776566662318966 -0.24139780050165513 0.0055958628224640709 0.20925410013742396 -0.095666870137919538 0.23202433985051785 -0.20886792494959988
leaf_weight=183 160 3739 183 174 265 199
leaf_count=183 160 3739 183 174 265 199
internal_value=0.0143897 0.0235082 0.0139859 0.00536346 0.102904 -0.00574329
internal_weight=4903 4743 4560 4377 439 3938
internal_count=4903 4743 4560 4377 439 3938
is_linear=0
shrinkage=0.02


Tree=70
num_leaves=7
num_cat=1
split_feature=11 2 12 10 0 5
split_gain=23694.2 36320.8 25731 27460.6 35240 51870.3
threshold=2.5000000000000004 160.6669567248849 0 1.0000000180025095e-35 -81.054042075490159 -109.14057633707398
decision_type=2 2 1 2 2 2
left_child=1 -1 3 -2 -5 -6
right_child=2 -3 -4 4 5 -7
leaf_value=-0.017068432918254366 -0.074898207316313081 -0.35389319571727762 -0.010521086084809854 -0.074270453019775598 0.41071158973621752 0.095056485635967511
leaf_weight=554 314 157 2590 261 281 765
leaf_count=554 314 157 2590 261 281 765
internal_value=0.010666 -0.0953214 0.0287447 0.0906713 0.131404 0.182941
internal_weight=4922 711 4211 1621 1307 1046
internal_count=4922 711 4211 1621 1307 1046
cat_boundaries=0 1
cat_threshold=42
is_linear=0
shrinkage=0.02


Tree=71
num_leaves=7
num_cat=2
split_feature=5 0 1 12 4 12
split_gain=13449.4 18415.7 28277.1 27477.6 23803.2 22858.5
threshold=675.22514303868309 98.926110288357634 296.07987626020054 0 -247.05608522344372 1
decision_type=2 2 2 1 2 1
left_child=1 2 3 4 -1 -3
right_child=-2 5 -4 -5 -6 -7
leaf_value=0.30018484518672883 -0.122239159895538 -0.062780835710225566 -0.23854805948984556 -0.023821545686304568 0.054851450522526587 0.21488364057635007
leaf_weight=171 271 166 171 2480 1324 360
leaf_count=171 271 166 171 2480 1324 360
internal_value=0.0121954 0.0202377 0.00596108 0.0170518 0.0841619 0.130557
internal_weight=4943 4672 4146 3975 1495 526
internal_count=4943 4672 4146 3975 1495 526
cat_boundaries=0 1 2
cat_threshold=104 96
is_linear=0
shrinkage=0.02


Tree=72
num_leaves=7
num_cat=2
split_feature=11 12 12 1 8 0
split_gain=12755.5 22577.4 19365.1 25270.3 30666 23003.7
threshold=2.5000000000000004 0 1 129.73902328470206 -196.85572030209815 -98.894672837441234
decision_type=2 1 1 2 2 2
left_child=1 -1 3 -2 5 -5
right_child=2 -3 -4 4 -6 -7
leaf_value=-0.254427806350632 0.19928110006540645 -0.0065077210913285126 -0.013122003585912714 -0.071929832331988269 -0.18397632689852464 0.21019437952605188
leaf_weight=187 445 522 3077 186 218 279
leaf_count=187 445 522 3077 186 218 279
internal_value=-0.000296174 -0.0781554 0.0129859 0.0830786 0.00678402 0.0982062
internal_weight=4914 709 4205 1128 683 465
internal_count=4914 709 4205 1128 683 465
cat_boundaries=0 1 2
cat_threshold=40 40
is_linear=0
shrinkage=0.02


Tree=73
num_leaves=7
num_cat=1
split_feature=11 12 8 0 2 11
split_gain=23692.3 26897.6 20878 17672.3 25999.7 37160.8
threshold=2.5000000000000004 0 -720.73263489106751 35.600233539256905 126.11591944589365 7.5000000000000009
decision_type=2 1 2 2 2 2
left_child=1 -1 -2 4 -4 -6
right_child=2 -3 3 -5 5 -7
leaf_value=-0.29727351358518578 0.18434914522883022 -0.026229538965943086 -0.011984521078222106 -0.054020545668322005 0.25054695286349055 0.0044448729480078457
leaf_weight=188 274 528 1662 1279 444 535
leaf_count=188 274 528 1662 1279 444 535
internal_value=0.000538343 -0.104968 0.0187572 0.00674305 0.0362628 0.117463
internal_weight=4910 716 4194 3920 2641 979
internal_count=4910 716 4194 3920 2641 979
cat_boundaries=0 1
cat_threshold=40
is_linear=0
shrinkage=0.02


Tree=74
num_leaves=7
num_cat=0
split_feature=4 4 10 9 9 6
split_gain=28875.9 23034.5 22658.9 16909.1 23596.9 29411
threshold=-402.69020034599748 -267.65487401602007 2.5000000000000004 1.2595465629980445 1.050897850191266 5.3749775049927182
decision_type=2 2 2 2 2 2
left_child=-1 -2 -3 4 5 -4
right_child=1 2 3 -5 -6 -7
leaf_value=-0.26263175078800749 0.19064046587839545 -0.043352416043874811 0.020886419550408073 0.17431906439060738 -0.12262663395120826 0.30818693900536637
leaf_weight=158 241 2665 985 334 351 157
leaf_count=158 241 2665 985 334 351 157
internal_value=-0.00495661 0.00418085 -0.00622411 0.0478752 0.0186168 0.0627163
internal_weight=4891 4733 4492 1827 1493 1142
internal_count=4891 4733 4492 1827 1493 1142
is_linear=0
shrinkage=0.02


Tree=75
num_leaves=7
num_cat=0
split_feature=8 0 3 8 8 0
split_gain=18375.7 17801.9 35114.1 37883.3 36770.4 18139.3
threshold=-168.54941474577666 141.28637624683861 1.449428445908435 -720.73263489106751 -501.84733170744062 42.857515764070939
decision_type=2 2 2 2 2 2
left_child=1 2 3 -1 -4 -5
right_child=-2 -3 4 5 -6 -7
leaf_value=0.31267569872453743 -0.032831744292437882 0.241161626664012 -0.36916346003369588 0.067139874586711681 0.010413011002978543 -0.08994748355620491
leaf_weight=211 2346 162 154 1404 269 362
leaf_count=211 2346 162 154 1404 269 362
internal_value=0.00753706 0.0444863 0.0302652 0.0657155 -0.133112 0.0346145
internal_weight=4908 2562 2400 1977 423 1766
internal_count=4908 2562 2400 1977 423 1766
is_linear=0
shrinkage=0.02


Tree=76
num_leaves=7
num_cat=1
split_feature=7 2 8 3 12 3
split_gain=24895.8 26213.5 14763.4 19246.3 21007.3 49812.3
threshold=0.13273668291836749 274.16703355779902 -168.54941474577666 1.6690565339841592 0 1.0766524418514309
decision_type=2 2 2 2 1 2
left_child=1 2 3 4 5 -1
right_child=-2 -3 -4 -5 -6 -7
leaf_value=0.26873822475793208 -0.20360583008404806 0.26427026529610159 -0.032289242683834235 -0.13704092936989454 0.0069791184415221386 -0.048489427601493766
leaf_weight=471 213 150 2269 214 1278 332
leaf_count=471 213 150 2269 214 1278 332
internal_value=0.00290326 0.0126455 0.00381597 0.0394974 0.0582203 0.136913
internal_weight=4927 4714 4564 2295 2081 803
internal_count=4927 4714 4564 2295 2081 803
cat_boundaries=0 1
cat_threshold=56
is_linear=0
shrinkage=0.02


Tree=77
num_leaves=7
num_cat=1
split_feature=8 12 0 9 9 9
split_gain=12887.7 17113.9 40331.1 25114.2 13730.3 13949.3
threshold=-183.88855769729369 0 -96.58015473117176 1.2764559811780789 1.0451092392288261 0.78453089534958476
decision_type=2 1 2 2 2 2
left_child=1 2 -1 4 5 -4
right_child=-2 -3 3 -5 -6 -7
leaf_value=-0.099964804427170845 -0.025005950690483836 -0.0046270875688265651 0.043993875533342365 0.40171653701598387 -0.032561793012146872 0.29320147137711017
leaf_weight=269 2567 1439 166 156 168 197
leaf_count=269 2567 1439 166 156 168 197
internal_value=0.00608269 0.0393694 0.103929 0.185545 0.115785 0.183474
internal_weight=4962 2395 956 687 531 363
internal_count=4962 2395 956 687 531 363
cat_boundaries=0 1
cat_threshold=44
is_linear=0
shrinkage=0.02


Tree=78
num_leaves=7
num_cat=0
split_feature=10 1 7 1 1 11
split_gain=18933.4 43993.5 32660.2 22680.6 22567.9 13997.1
threshold=3.5000000000000004 109.64575932302823 0.026720437769050753 168.89838921184946 289.77906232928189 2.5000000000000004
decision_type=2 2 2 2 2 2
left_child=4 -2 3 -3 5 -1
right_child=1 2 -4 -5 -6 -7
leaf_value=-0.096271451979661152 -0.074350139207460669 0.12949795747866652 -0.045526274648996494 0.43382604014163262 -0.21633835853558581 0.012495502059467088
leaf_weight=546 408 203 159 204 201 3171
leaf_count=546 408 203 159 204 201 3171
internal_value=0.00453354 0.0829772 0.195708 0.288781 -0.0151289 -0.003697
internal_weight=4892 974 566 407 3918 3717
internal_count=4892 974 566 407 3918 3717
is_linear=0
shrinkage=0.02


Tree=79
num_leaves=7
num_cat=2
split_feature=8 12 5 9 1 12
split_gain=16156.4 31278.1 19332.4 27223.8 12010.2 9851.83
threshold=-234.37346391034782 0 -546.24010935213335 1.2764559811780789 206.98993061226352 1
decision_type=2 1 2 2 2 1
left_child=1 2 -1 4 -4 -2
right_child=5 -3 3 -5 -6 -7
leaf_value=-0.0349679401272633 -0.074113441878601027 -0.010106390285034792 0.051946465997642674 0.419470261544512 0.26320524144757745 0.0064592808326893519
leaf_weight=173 830 1173 337 161 153 2119
leaf_count=173 830 1173 337 161 153 2119
internal_value=0.0131197 0.0569015 0.149595 0.200692 0.121856 -0.0166205
internal_weight=4946 1997 824 651 490 2949
internal_count=4946 1997 824 651 490 2949
cat_boundaries=0 1 2
cat_threshold=44 36
is_linear=0
shrinkage=0.02


end of trees

feature_importances:
dist_hi20=70
sym=57
prev_rng=50
prev_ret=42
dow=41
rng_ratio=38
r5=32
gap=31
atr20=27
r20=27
gap_atr=25
vol5_20=23
month=17

parameters:
[boosting: gbdt]
[objective: regression]
[metric: l2]
[tree_learner: serial]
[device_type: cpu]
[data_sample_strategy: bagging]
[data: ]
[valid: ]
[num_iterations: 80]
[learning_rate: 0.02]
[num_leaves: 7]
[num_threads: 4]
[seed: 4]
[deterministic: 0]
[force_col_wise: 0]
[force_row_wise: 0]
[histogram_pool_size: -1]
[max_depth: -1]
[min_data_in_leaf: 150]
[min_sum_hessian_in_leaf: 0.001]
[bagging_fraction: 0.8]
[pos_bagging_fraction: 1]
[neg_bagging_fraction: 1]
[bagging_freq: 1]
[bagging_seed: 17945]
[bagging_by_query: 0]
[feature_fraction: 0.8]
[feature_fraction_bynode: 1]
[feature_fraction_seed: 386]
[extra_trees: 0]
[extra_seed: 27504]
[early_stopping_round: 0]
[early_stopping_min_delta: 0]
[first_metric_only: 0]
[max_delta_step: 0]
[lambda_l1: 0]
[lambda_l2: 10]
[linear_lambda: 0]
[min_gain_to_split: 0]
[drop_rate: 0.1]
[max_drop: 50]
[skip_drop: 0.5]
[xgboost_dart_mode: 0]
[uniform_drop: 0]
[drop_seed: 27159]
[top_rate: 0.2]
[other_rate: 0.1]
[min_data_per_group: 100]
[max_cat_threshold: 32]
[cat_l2: 10]
[cat_smooth: 10]
[max_cat_to_onehot: 4]
[top_k: 20]
[monotone_constraints: ]
[monotone_constraints_method: basic]
[monotone_penalty: 0]
[feature_contri: ]
[forcedsplits_filename: ]
[refit_decay_rate: 0.9]
[cegb_tradeoff: 1]
[cegb_penalty_split: 0]
[cegb_penalty_feature_lazy: ]
[cegb_penalty_feature_coupled: ]
[path_smooth: 0]
[interaction_constraints: ]
[verbosity: -1]
[saved_feature_importance_type: 0]
[use_quantized_grad: 0]
[num_grad_quant_bins: 4]
[quant_train_renew_leaf: 0]
[stochastic_rounding: 1]
[linear_tree: 0]
[max_bin: 255]
[max_bin_by_feature: ]
[min_data_in_bin: 3]
[bin_construct_sample_cnt: 200000]
[data_random_seed: 51]
[is_enable_sparse: 1]
[enable_bundle: 1]
[use_missing: 1]
[zero_as_missing: 0]
[feature_pre_filter: 1]
[pre_partition: 0]
[two_round: 0]
[header: 0]
[label_column: ]
[weight_column: ]
[group_column: ]
[ignore_column: ]
[categorical_feature: 12]
[forcedbins_filename: ]
[precise_float_parser: 0]
[parser_config_file: ]
[objective_seed: 17345]
[num_class: 1]
[is_unbalance: 0]
[scale_pos_weight: 1]
[sigmoid: 1]
[boost_from_average: 1]
[reg_sqrt: 0]
[alpha: 0.9]
[fair_c: 1]
[poisson_max_delta_step: 0.7]
[tweedie_variance_power: 1.5]
[lambdarank_truncation_level: 30]
[lambdarank_norm: 1]
[label_gain: ]
[lambdarank_position_bias_regularization: 0]
[eval_at: ]
[multi_error_top_k: 1]
[auc_mu_weights: ]
[num_machines: 1]
[local_listen_port: 12400]
[time_out: 120]
[machine_list_filename: ]
[machines: ]
[gpu_platform_id: -1]
[gpu_device_id: -1]
[gpu_device_id_list: ]
[gpu_use_dp: 0]
[num_gpu: 1]

end of parameters

pandas_categorical:[["EURUSD", "GER40cash", "UK100cash", "US100cash", "US30cash", "US500cash", "XAUUSD"]]
