tree
version=v4
num_class=1
num_tree_per_iteration=1
label_index=0
max_feature_idx=12
objective=regression
feature_names=prev_ret prev_rng atr20 rng_ratio r5 r20 gap gap_atr dist_hi20 vol5_20 dow month sym
feature_infos=[-563.49722324484878:752.61459363990423] [13.11520799444922:742.15479661653126] [37.806811460335894:439.42660505756993] [0.13912091396140261:4.7314133801784202] [-1129.6872229288845:981.83640970814906] [-1723.8022909576323:1625.2501279894971] [-300.82790206094836:156.47233698153241] [-1.5436497118022536:1.2513908932620765] [-1693.135444306102:0] [0.11774680357589383:2.0233253768963362] [0:4] [1:12] -1:0:4:6:2:5:3:1
tree_sizes=722 779 777 762 780 764 753 754 749 746 751 772 781 770 757 757 750 748 766 753 757 752 754 749 774 744 764 768 760 770 761 770 746 772 772 773 761 779 781 772 771 773 771 775 760 754 776 761 766 773 772 754 751 770 780 768 755 755 774 769 762 757 746 773 755 750 778 756 769 755 748 755 774 760 755 764 776 782 749 757

Tree=0
num_leaves=7
num_cat=0
split_feature=10 2 6 4 6 0
split_gain=38716 48817.9 43575 29872.4 27806.3 21893.1
threshold=2.5000000000000004 167.10967085018305 2.5457617829593997 -87.502893359424107 -4.8554012538115634 63.116586634813793
decision_type=2 2 2 2 2 2
left_child=3 5 -3 -1 -5 -2
right_child=1 2 -4 4 -6 -7
leaf_value=1.5073448438720813 1.4257411445522694 1.539064960076896 1.9647009561681723 1.2307903591998783 1.4009256108250734 1.6119078168602012
leaf_weight=756 1269 253 151 489 1708 305
leaf_count=756 1269 253 151 489 1708 305
internal_value=1.44529 1.51357 1.70683 1.39948 1.36225 1.46263
internal_weight=4931 1978 404 2953 2197 1574
internal_count=4931 1978 404 2953 2197 1574
is_linear=0
shrinkage=1


Tree=1
num_leaves=7
num_cat=1
split_feature=10 0 6 12 5 9
split_gain=42276.4 35928.4 67577.8 42828.6 28514.9 20442.4
threshold=1.0000000180025095e-35 -101.38379049103806 9.3666624309329833 0 -337.45959219709567 1.4660576114903769
decision_type=2 2 2 1 2 2
left_child=-1 4 3 -3 -2 -5
right_child=1 2 -4 5 -6 -7
leaf_value=-0.12433079442926331 -0.35386589798240947 0.2208694987026128 0.37324504385095963 -0.017800744488172055 -0.021356038469756766 0.18285267169617084
leaf_weight=933 155 365 225 2787 279 209
leaf_count=933 155 365 225 2787 279 209
internal_value=-0.00378809 0.0244277 0.0453291 0.0223349 -0.145405 -0.00323075
internal_weight=4953 4020 3586 3361 434 2996
internal_count=4953 4020 3586 3361 434 2996
cat_boundaries=0 1
cat_threshold=8
is_linear=0
shrinkage=0.02


Tree=2
num_leaves=7
num_cat=1
split_feature=10 7 0 12 3 5
split_gain=40228.1 29216.9 26132.4 18836.3 37358.5 29318.8
threshold=2.5000000000000004 0.13273668291836749 98.926110288357634 0 1.1896182605304895 1.0000000180025095e-35
decision_type=2 2 2 1 2 2
left_child=1 -1 3 4 5 -2
right_child=2 -3 -4 -5 -6 -7
leaf_value=-0.039500078319107089 0.34442009778999505 -0.31066424761518574 0.23717283204042663 -0.036045480329776183 -0.13071477858007222 0.068609989686166953
leaf_weight=2781 234 159 278 848 213 437
leaf_count=2781 234 159 278 848 213 437
internal_value=-0.00809897 -0.0551685 0.0606812 0.031154 0.0946436 0.168439
internal_weight=4950 2940 2010 1732 884 671
internal_count=4950 2940 2010 1732 884 671
cat_boundaries=0 1
cat_threshold=106
is_linear=0
shrinkage=0.02


Tree=3
num_leaves=7
num_cat=0
split_feature=7 6 2 8 4 8
split_gain=35048.2 36592.6 41878.1 21769.5 19590.2 19190.6
threshold=0.15946046197655486 -5.1839435810313574 216.05126499756577 -234.37346391034782 242.04721473948032 -43.741838489407819
decision_type=2 2 2 2 2 2
left_child=1 4 3 -3 -1 -5
right_child=-2 2 -4 5 -6 -7
leaf_value=-0.069209921934414137 -0.30561516583710907 0.069958221301541279 0.25056135774254801 -0.068250434983679747 -0.29921627347236096 0.065847938452529328
leaf_weight=816 150 1269 290 1640 174 567
leaf_count=816 150 1269 290 1640 174 567
internal_value=-0.0144621 -0.0046574 0.0238416 0.00426208 -0.112223 -0.0336576
internal_weight=4906 4756 3766 3476 990 2207
internal_count=4906 4756 3766 3476 990 2207
is_linear=0
shrinkage=0.02


Tree=4
num_leaves=7
num_cat=1
split_feature=10 12 0 8 8 1
split_gain=39305.2 29416.9 54237.1 77484.1 23010.5 18210.6
threshold=1.0000000180025095e-35 0 -85.16809111589528 -255.99382324609451 -650.72143622806709 205.39917248743214
decision_type=2 1 2 2 2 2
left_child=-1 2 -2 -4 -3 -6
right_child=1 4 3 -5 5 -7
leaf_value=-0.13434558964310447 -0.18059916450131325 -0.24009308413162336 0.43956623977443338 0.032469815540751186 -0.022473405859575486 0.17031591611650754
leaf_weight=922 207 172 279 535 2587 202
leaf_count=922 207 172 279 535 2587 202
internal_value=-0.0174243 0.00991665 0.101384 0.175644 -0.0221246 -0.00795158
internal_weight=4904 3982 1021 814 2961 2789
internal_count=4904 3982 1021 814 2961 2789
cat_boundaries=0 1
cat_threshold=10
is_linear=0
shrinkage=0.02


Tree=5
num_leaves=7
num_cat=2
split_feature=10 5 3 3 12 12
split_gain=45089.1 36044.9 32430.1 30149.2 28224.2 28177.7
threshold=2.5000000000000004 -135.54936737716244 1.0938348219004441 1.2600534287211291 0 1
decision_type=2 2 2 2 1 1
left_child=2 3 5 4 -2 -1
right_child=1 -3 -4 -5 -6 -7
leaf_value=0.082460698968873314 0.4561106714075559 0.017473593215533961 -0.1472901946809182 -0.013472603627521059 0.097491439880353026 -0.068500889441788046
leaf_weight=830 199 1414 944 174 191 1163
leaf_count=830 199 1414 944 174 191 1163
internal_value=-0.00174567 0.0718624 -0.0513946 0.20554 0.301147 -0.00546428
internal_weight=4915 1978 2937 564 390 1993
internal_count=4915 1978 2937 564 390 1993
cat_boundaries=0 1 2
cat_threshold=46 104
is_linear=0
shrinkage=0.02


Tree=6
num_leaves=7
num_cat=0
split_feature=10 2 0 4 1 0
split_gain=34101.4 30282.3 27117.8 20364.8 36805.5 22919.4
threshold=2.5000000000000004 106.64601698382781 42.857515764070939 -56.317982852083809 199.60039464716991 -81.054042075490159
decision_type=2 2 2 2 2 2
left_child=2 -2 -1 5 -5 -3
right_child=1 3 -4 4 -6 -7
leaf_value=-0.011196131604868409 -0.043971646563623866 -0.18609753245892732 -0.14683865775841606 0.10469877782662711 0.43275002098896287 0.11204426631071841
leaf_weight=2145 727 151 804 665 166 277
leaf_count=2145 727 151 804 665 166 277
internal_value=-0.00546628 0.0584286 -0.0485483 0.117439 0.174597 0.00501142
internal_weight=4935 1986 2949 1259 831 428
internal_count=4935 1986 2949 1259 831 428
is_linear=0
shrinkage=0.02


Tree=7
num_leaves=7
num_cat=0
split_feature=10 2 5 4 4 3
split_gain=45788.6 30860.4 38370.7 20405.1 20090.4 19163.8
threshold=2.5000000000000004 166.0689111197311 58.501000739036243 -93.787858154107425 -13.688751089592216 1.4620759969729338
decision_type=2 2 2 2 2 2
left_child=3 4 -3 5 -2 -1
right_child=1 2 -4 -5 -6 -7
leaf_value=0.099862885265034118 -0.046971887607237001 0.36372788712329668 -0.028476252769246514 -0.077398298748319952 0.098021905118084979 -0.13699659621715546
leaf_weight=563 670 273 152 2214 866 170
leaf_count=563 670 273 152 2214 866 170
internal_value=0.00257755 0.0772441 0.226027 -0.0472005 0.0348812 0.0438251
internal_weight=4908 1961 425 2947 1536 733
internal_count=4908 1961 425 2947 1536 733
is_linear=0
shrinkage=0.02


Tree=8
num_leaves=7
num_cat=0
split_feature=10 4 8 8 3 1
split_gain=53796 28877.8 36236.8 29207.2 32842.1 26049
threshold=2.5000000000000004 83.479701760533843 -170.14533030094421 -255.99382324609451 1.1479691490655346 283.34490742157817
decision_type=2 2 2 2 2 2
left_child=5 3 -3 4 -2 -1
right_child=1 2 -4 -5 -6 -7
leaf_value=-0.039873742157261742 0.25487027888074298 0.42522697970190565 0.095289158011774039 -0.067700899118660285 -0.034406431961541223 -0.30193332310048687
leaf_weight=2759 331 175 507 661 287 151
leaf_count=2759 331 175 507 661 287 151
internal_value=3.57673e-05 0.0807693 0.184872 0.024255 0.122121 -0.0544595
internal_weight=4871 1961 682 1279 618 2910
internal_count=4871 1961 682 1279 618 2910
is_linear=0
shrinkage=0.02


Tree=9
num_leaves=7
num_cat=0
split_feature=8 3 2 5 3 3
split_gain=38243.1 37728.5 23796 29182 31203.4 20821.8
threshold=-195.40574043046431 1.8401443070725787 144.40723156028096 -368.79395694450187 0.84446771130123399 1.0938348219004441
decision_type=2 2 2 2 2 2
left_child=1 2 -1 5 -5 -4
right_child=-2 -3 3 4 -6 -7
leaf_value=0.020323266622362252 -0.051951187074657297 -0.21765312093954819 0.14872005676692315 0.065767922416145416 0.36959583453571093 -0.12786243066420924
leaf_weight=1146 2637 172 237 233 330 185
leaf_count=1146 2637 172 237 233 330 185
internal_value=-3.8201e-05 0.0593712 0.082643 0.154216 0.247198 0.0273164
internal_weight=4940 2303 2131 985 563 422
internal_count=4940 2303 2131 985 563 422
is_linear=0
shrinkage=0.02


Tree=10
num_leaves=7
num_cat=0
split_feature=8 3 11 2 3 9
split_gain=34349.1 41886.9 23486.7 21224.4 27167.2 35129.8
threshold=-236.34509204230378 1.711870890070238 2.5000000000000004 144.40723156028096 1.1479691490655346 1.0262351151910221
decision_type=2 2 2 2 2 2
left_child=1 2 -1 -4 5 -5
right_child=-2 -3 3 4 -6 -7
leaf_value=-0.089548140537640292 -0.045610786759384396 -0.19354633082325262 0.048892064477770759 0.41002564891334625 0.021642394468008752 0.066609125072541436
leaf_weight=232 2945 218 770 310 239 197
leaf_count=232 2945 218 770 310 239 197
internal_value=-0.00245032 0.0621062 0.0949092 0.123539 0.198922 0.280457
internal_weight=4911 1966 1748 1516 746 507
internal_count=4911 1966 1748 1516 746 507
is_linear=0
shrinkage=0.02


Tree=11
num_leaves=7
num_cat=1
split_feature=12 3 5 6 0 11
split_gain=28091.9 66611 37725.7 27578 25971.7 13227.6
threshold=0 1.1896182605304895 -274.39118192267802 -4.8554012538115634 -77.659567010205919 6.5000000000000009
decision_type=1 2 2 2 2 2
left_child=1 2 -1 -4 -3 -2
right_child=5 4 3 -5 -6 -7
leaf_value=0.42205166327235588 0.011398159541652228 -0.31996117119061745 -0.093768336578989725 0.17657390075773793 0.0071840467197554448 -0.065325470515760778
leaf_weight=181 1725 167 199 553 214 1861
leaf_count=181 1725 167 199 553 214 1861
internal_value=0.000601495 0.0790116 0.170122 0.104742 -0.140726 -0.0284105
internal_weight=4900 1314 933 752 381 3586
internal_count=4900 1314 933 752 381 3586
cat_boundaries=0 1
cat_threshold=40
is_linear=0
shrinkage=0.02


Tree=12
num_leaves=7
num_cat=1
split_feature=10 2 4 2 6 12
split_gain=27338.5 25036.9 21038.8 19991.8 21860.4 28055.1
threshold=1.0000000180025095e-35 261.39509462179353 -327.09415158243104 119.3088793473586 -4.0281945274989175 0
decision_type=2 2 2 2 2 1
left_child=-1 2 -2 -4 5 -5
right_child=1 -3 3 4 -6 -7
leaf_value=-0.089570859127988428 -0.18639815750247554 0.25478930443052261 -0.016628933577783205 0.15520269813457716 0.11966608938063633 -0.14927140883665821
leaf_weight=935 180 179 1840 174 1296 305
leaf_count=935 180 179 1840 174 1296 305
internal_value=0.00715828 0.0300843 0.0188439 0.0295494 0.0772437 -0.0376358
internal_weight=4909 3974 3795 3615 1775 479
internal_count=4909 3974 3795 3615 1775 479
cat_boundaries=0 1
cat_threshold=12
is_linear=0
shrinkage=0.02


Tree=13
num_leaves=7
num_cat=1
split_feature=1 1 6 7 12 9
split_gain=29027 26052.3 60442.6 33485.8 23994.7 17232.8
threshold=338.63511084158785 205.39917248743214 8.1170981276568206 -0.024963602151877543 0 0.92861321745550918
decision_type=2 2 2 2 1 2
left_child=1 4 3 -3 5 -1
right_child=-2 2 -4 -5 -6 -7
leaf_value=0.26237620348637958 -0.26317884576938499 0.046958712298633916 -0.20936727476492525 0.39226247117719582 -0.025906904194340864 -0.0062667171844367773
leaf_weight=202 154 202 150 252 3773 173
leaf_count=202 154 202 150 252 3773 173
internal_value=-0.00157039 0.00744253 0.129038 0.242948 -0.010531 0.137916
internal_weight=4906 4752 604 454 4148 375
internal_count=4906 4752 604 454 4148 375
cat_boundaries=0 1
cat_threshold=8
is_linear=0
shrinkage=0.02


Tree=14
num_leaves=7
num_cat=0
split_feature=10 1 4 1 4 6
split_gain=42537.8 75882 48778.4 29407.4 44517.3 21559.3
threshold=2.5000000000000004 232.10980190143655 -247.05608522344372 209.66695380095641 -85.48139694795961 -7.0140415392960778
decision_type=2 2 2 2 2 2
left_child=1 2 -1 -2 -5 -4
right_child=3 -3 5 4 -6 -7
leaf_value=0.30829987123788122 0.027740099806740012 -0.3606178579314443 -0.19386433249711993 -0.013983027633279561 0.45653704529584843 -0.022314238366966395
leaf_weight=156 1651 288 330 150 162 2149
leaf_count=156 1651 288 330 150 162 2149
internal_value=-0.00980663 -0.0580896 -0.0237855 0.062019 0.236916 -0.0458378
internal_weight=4886 2923 2635 1963 312 2479
internal_count=4886 2923 2635 1963 312 2479
is_linear=0
shrinkage=0.02


Tree=15
num_leaves=7
num_cat=2
split_feature=8 12 10 4 3 12
split_gain=29444.1 33531.8 26814.3 25871.4 24561.8 25114.2
threshold=-258.61837369783581 0 2.5000000000000004 -91.319985432635733 1.0938348219004441 1
decision_type=2 1 2 2 2 1
left_child=1 -1 4 -4 5 -3
right_child=-2 2 3 -5 -6 -7
leaf_value=-0.085893093706209428 -0.039295011018528302 0.31891633647114204 0.088974162305666321 0.36536939121754125 -0.086524456575056308 0.0092341547637840391
leaf_weight=442 3090 159 301 250 349 267
leaf_count=442 3090 159 301 250 349 267
internal_value=-0.00208632 0.0628 0.112438 0.218658 0.0365273 0.13701
internal_weight=4858 1768 1326 551 775 426
internal_count=4858 1768 1326 551 775 426
cat_boundaries=0 1 2
cat_threshold=17 40
is_linear=0
shrinkage=0.02


Tree=16
num_leaves=7
num_cat=0
split_feature=10 1 8 0 9 2
split_gain=34033.6 41983 33054.9 36408.6 34219.9 21675.6
threshold=2.5000000000000004 283.34490742157817 -232.04066793985785 -85.16809111589528 1.1797145288870692 141.85587212805831
decision_type=2 2 2 2 2 2
left_child=1 -1 3 -2 5 -5
right_child=2 -3 -4 4 -6 -7
leaf_value=-0.026879516260871355 -0.055914438859490323 -0.3515700352297732 -0.0086814458123741743 -0.0012360258065795494 0.46963810951842205 0.27632477636848174
leaf_weight=2823 232 159 1149 226 170 214
leaf_count=2823 232 159 1149 226 170 214
internal_value=-0.00261252 -0.0453092 0.0612428 0.155644 0.23571 0.1369
internal_weight=4973 2982 1991 842 610 440
internal_count=4973 2982 1991 842 610 440
is_linear=0
shrinkage=0.02


Tree=17
num_leaves=7
num_cat=0
split_feature=10 5 0 6 9 4
split_gain=39070.3 20811.4 25827 54179.9 19104.3 22733.2
threshold=1.0000000180025095e-35 -135.54936737716244 -101.38379049103806 5.3749775049927182 1.2433844146638013 -5.7854677518154594
decision_type=2 2 2 2 2 2
left_child=-1 2 -2 4 5 -4
right_child=1 -3 3 -5 -6 -7
leaf_value=-0.10151835555418118 -0.077490181645531675 0.013655537023326907 -0.082673075483275071 0.45157317490720039 0.2578620907697049 0.1705500074689319
leaf_weight=915 221 2866 335 191 172 231
leaf_count=915 221 2866 335 191 172 231
internal_value=0.0157349 0.0426355 0.114118 0.16004 0.0795605 0.0218409
internal_weight=4931 4016 1150 929 738 566
internal_count=4931 4016 1150 929 738 566
is_linear=0
shrinkage=0.02


Tree=18
num_leaves=7
num_cat=1
split_feature=8 3 8 10 12 1
split_gain=35596.7 37550.9 24585 23991.8 26653.2 21387
threshold=-236.34509204230378 1.5176762067704874 -462.10023100468618 2.5000000000000004 0 224.60163604745694
decision_type=2 2 2 2 1 2
left_child=1 3 -3 5 -5 -1
right_child=-2 2 -4 4 -6 -7
leaf_value=0.091552101044487619 -0.035579647765204905 -0.26567401955164777 0.068420574860759531 0.015751885659142525 0.28849674398489927 -0.15819542010030346
leaf_weight=769 2964 183 156 221 452 157
leaf_count=769 2964 183 156 221 452 157
internal_value=0.00796742 0.0744096 -0.114376 0.114896 0.204929 0.0479706
internal_weight=4902 1938 339 1599 673 926
internal_count=4902 1938 339 1599 673 926
cat_boundaries=0 1
cat_threshold=65
is_linear=0
shrinkage=0.02


Tree=19
num_leaves=7
num_cat=0
split_feature=10 2 7 5 11 1
split_gain=25968 25956.4 29557.7 16340.1 24433.8 12889.5
threshold=2.5000000000000004 106.64601698382781 -0.057410017109929358 291.80872791932558 6.5000000000000009 224.60163604745694
decision_type=2 2 2 2 2 2
left_child=5 -2 -3 4 -4 -1
right_child=1 2 3 -5 -6 -7
leaf_value=-0.02539204078276459 -0.041614565778804076 -0.12795163090991718 0.31649926514377608 0.028998644083995988 0.08694624028791767 -0.15685850425584782
leaf_weight=2601 734 176 353 337 401 328
leaf_count=2601 734 176 353 337 401 328
internal_value=-0.0027106 0.0526735 0.107195 0.145946 0.197152 -0.0405978
internal_weight=4930 2001 1267 1091 754 2929
internal_count=4930 2001 1267 1091 754 2929
is_linear=0
shrinkage=0.02


Tree=20
num_leaves=7
num_cat=0
split_feature=10 0 6 9 11 11
split_gain=26334.7 22522.1 37751.9 26584.1 21599.5 42684.7
threshold=1.0000000180025095e-35 -91.018788788481118 5.3749775049927182 1.0295109035829686 4.5000000000000009 8.5000000000000018
decision_type=2 2 2 2 2 2
left_child=-1 3 -3 -2 -4 -6
right_child=1 2 4 -5 5 -7
leaf_value=-0.096535256642945766 0.085341698182256606 0.010945867218362312 0.0070492388529436933 -0.21466101976314622 0.49887180622769983 0.053975896636645003
leaf_weight=945 180 2995 165 311 171 170
leaf_count=945 180 2995 165 311 171 170
internal_value=-0.00217203 0.0203514 0.0382049 -0.105172 0.196211 0.284933
internal_weight=4937 3992 3501 491 506 341
internal_count=4937 3992 3501 491 506 341
is_linear=0
shrinkage=0.02


Tree=21
num_leaves=7
num_cat=0
split_feature=8 11 0 9 5 2
split_gain=29275.9 22274.7 27660.7 46133.4 41656.7 40910.4
threshold=-234.37346391034782 2.5000000000000004 -98.894672837441234 1.1797145288870692 -377.59438975555713 141.38210041914419
decision_type=2 2 2 2 2 2
left_child=1 -1 4 5 -3 -4
right_child=-2 2 3 -5 -6 -7
leaf_value=-0.10721909269806026 -0.032417624110269092 -0.2943634955135323 -0.061049852792989641 0.31828600738121537 0.11555120684793875 0.19864150597596703
leaf_weight=248 2927 159 515 382 231 443
leaf_count=248 2927 159 515 382 231 443
internal_value=0.00771696 0.0669715 0.0924149 0.135334 -0.054749 0.0598486
internal_weight=4905 1978 1730 1340 390 958
internal_count=4905 1978 1730 1340 390 958
is_linear=0
shrinkage=0.02


Tree=22
num_leaves=7
num_cat=0
split_feature=10 8 0 9 4 3
split_gain=31230.9 33477.6 56756.2 44549.8 25509.4 25003.2
threshold=2.5000000000000004 -255.99382324609451 -85.16809111589528 1.1797145288870692 -13.688751089592216 1.0938348219004441
decision_type=2 2 2 2 2 2
left_child=5 2 -2 -4 -3 -1
right_child=1 4 3 -5 -6 -7
leaf_value=-0.0028981491254159697 -0.10724731542799208 -0.15210181545313689 0.14783682427246958 0.5462746738602301 0.049996267082621754 -0.1278700035577098
leaf_weight=1988 215 332 379 157 917 935
leaf_count=1988 215 332 379 157 917 935
internal_value=-0.00155974 0.0591709 0.163739 0.272411 -0.00450539 -0.0431734
internal_weight=4923 2000 751 536 1249 2923
internal_count=4923 2000 751 536 1249 2923
is_linear=0
shrinkage=0.02


Tree=23
num_leaves=7
num_cat=3
split_feature=8 0 12 12 0 12
split_gain=39588.1 32369.9 90436.3 31946.8 21966.4 16749.3
threshold=-232.04066793985785 -98.894672837441234 0 1 59.775750261104051 2
decision_type=2 2 1 1 2 1
left_child=1 3 4 -1 -3 -2
right_child=5 2 -4 -5 -6 -7
leaf_value=0.13155991446558793 -0.15318021799610779 0.50602911713233056 0.026109273702283452 -0.19259425032480507 0.18656890923720462 -0.020523973430113106
leaf_weight=182 432 229 1165 294 162 2513
leaf_count=182 432 229 1165 294 162 2513
internal_value=0.00578426 0.0734921 0.117478 -0.069752 0.372338 -0.0410236
internal_weight=4977 2032 1556 476 391 2945
internal_count=4977 2032 1556 476 391 2945
cat_boundaries=0 1 2 3
cat_threshold=40 70 4
is_linear=0
shrinkage=0.02


Tree=24
num_leaves=7
num_cat=1
split_feature=12 3 1 6 6 3
split_gain=27107.4 29172.7 58260.4 24981.1 21707.9 28732
threshold=0 1.2058586742347372 209.66695380095641 5.1046256311326763 6.4687795534135182 1.4172111276383108
decision_type=1 2 2 2 2 2
left_child=1 2 3 -1 5 -3
right_child=-2 4 -4 -5 -6 -7
leaf_value=-0.0043229768189516939 -0.061938989880677031 -0.16625333665353567 0.39817767750133165 0.17787674021188149 -0.25195272669638735 0.12659166344145867
leaf_weight=1365 2213 237 188 376 192 283
leaf_count=1365 2213 237 188 376 192 283
internal_value=-0.0106131 0.0325772 0.0730044 0.0358174 -0.075994 -0.00749664
internal_weight=4854 2641 1929 1741 712 520
internal_count=4854 2641 1929 1741 712 520
cat_boundaries=0 1
cat_threshold=106
is_linear=0
shrinkage=0.02


Tree=25
num_leaves=7
num_cat=0
split_feature=1 2 6 3 3 0
split_gain=40934.5 34801.1 41838 37544.2 24468 21035.5
threshold=330.81011520885687 162.99319927646482 2.5457617829593997 0.83040201788263179 0.84975037610966908 21.736663225353507
decision_type=2 2 2 2 2 2
left_child=1 -1 3 5 -4 -3
right_child=-2 2 4 -5 -6 -7
leaf_value=-0.019253823497038518 -0.29610621052850139 0.019989027829615626 0.43486843594144553 0.17851417872267711 0.11031652512201449 -0.29502178200808438
leaf_weight=3717 173 172 185 274 195 155
leaf_count=3717 173 172 185 274 195 155
internal_value=-0.00263773 0.00877499 0.114099 0.00925931 0.275421 -0.133652
internal_weight=4871 4698 981 601 380 327
internal_count=4871 4698 981 601 380 327
is_linear=0
shrinkage=0.02


Tree=26
num_leaves=7
num_cat=0
split_feature=10 2 4 1 4 6
split_gain=38611.8 53929.1 26961.6 25499.4 29490.9 25547.8
threshold=2.5000000000000004 225.57828146269284 -13.688751089592216 224.60163604745694 -240.09375346125623 -5.1839435810313574
decision_type=2 2 2 2 2 2
left_child=3 2 -2 4 -1 -6
right_child=1 -3 -4 -5 5 -7
leaf_value=0.23864289766440361 -0.054526140408892622 0.39986385405392938 0.10227132382682723 -0.20444038675862483 -0.17008103183004036 -0.0073294608097134182
leaf_weight=153 742 171 1046 338 470 1971
leaf_count=153 742 171 1046 338 470 1971
internal_value=0.00223734 0.0707822 0.0372608 -0.0436455 -0.0219892 -0.0392324
internal_weight=4891 1959 1788 2932 2594 2441
internal_count=4891 1959 1788 2932 2594 2441
is_linear=0
shrinkage=0.02


Tree=27
num_leaves=7
num_cat=2
split_feature=3 8 12 5 6 12
split_gain=25538.5 34973.8 21328.2 26734.5 17752.8 13799.8
threshold=1.9798730149403896 -234.37346391034782 0 -516.88004671335818 2.8559106784842307 1
decision_type=2 2 1 2 2 1
left_child=1 2 3 -1 -4 -3
right_child=-2 5 4 -5 -6 -7
leaf_value=-0.065929943626153412 -0.25224133335460314 -0.14374526169994375 0.069127205909412029 0.21652999734083556 -0.098929360620482423 -0.023324245603879294
leaf_weight=169 155 435 726 572 372 2455
leaf_count=169 155 435 726 572 372 2455
internal_value=-0.00765137 0.000880777 0.0688511 0.150091 0.0117054 -0.0424592
internal_weight=4884 4729 1839 741 1098 2890
internal_count=4884 4729 1839 741 1098 2890
cat_boundaries=0 1 2
cat_threshold=44 4
is_linear=0
shrinkage=0.02


Tree=28
num_leaves=7
num_cat=0
split_feature=1 1 5 4 10 10
split_gain=29094.6 20647.5 26471.3 25873.6 24095.2 14441.8
threshold=338.63511084158785 205.39917248743214 -386.91659861881436 -228.33107461018682 2.5000000000000004 1.0000000180025095e-35
decision_type=2 2 2 2 2 2
left_child=1 3 -3 -1 -4 -5
right_child=-2 2 4 5 -6 -7
leaf_value=0.19178954163884934 -0.25616325362328374 -0.067193018833194118 0.076322124062050994 -0.093634443010508855 0.39098846222247996 0.005235581896370271
leaf_weight=253 153 188 227 716 169 3172
leaf_count=253 153 188 227 716 169 3172
internal_value=0.0065749 0.0156056 0.125877 -0.000211596 0.216934 -0.0131655
internal_weight=4878 4725 584 4141 396 3888
internal_count=4878 4725 584 4141 396 3888
is_linear=0
shrinkage=0.02


Tree=29
num_leaves=7
num_cat=1
split_feature=8 3 12 9 8 1
split_gain=29893.1 44701.3 47443.8 53157.3 31282.2 17745
threshold=-196.85572030209815 1.449428445908435 0 1.0224485901322593 -523.78882818309205 129.26687904472999
decision_type=2 2 1 2 2 2
left_child=1 2 3 -1 -3 -4
right_child=-2 4 5 -5 -6 -7
leaf_value=0.44892665340366777 -0.047310743364498385 -0.34674134529991585 -0.02481236769303714 0.040437818112373354 -0.0023611934507640677 0.12309111198324424
leaf_weight=267 2618 155 856 240 293 510
leaf_count=267 2618 155 856 240 293 510
internal_value=-0.00106656 0.0510743 0.0939894 0.255146 -0.12648 0.0306781
internal_weight=4939 2321 1873 507 448 1366
internal_count=4939 2321 1873 507 448 1366
cat_boundaries=0 1
cat_threshold=40
is_linear=0
shrinkage=0.02


Tree=30
num_leaves=7
num_cat=0
split_feature=2 1 2 0 10 6
split_gain=27472.2 31731.4 22879.5 18242.9 13381.3 16742.5
threshold=274.16703355779902 296.07987626020054 126.93595767828414 -14.897595161854069 1.0000000180025095e-35 5.1046256311326763
decision_type=2 2 2 2 2 2
left_child=1 2 3 -1 -5 -6
right_child=-2 -3 -4 4 5 -7
leaf_value=-0.092238706224523334 0.26004655552464861 -0.24514588716016575 0.065738461125155481 -0.093898562753504472 0.018329510796652099 0.23658025684207679
leaf_weight=988 162 188 1927 343 1178 150
leaf_count=988 162 188 1927 343 1178 150
internal_value=0.011717 0.0027643 0.0134385 -0.024568 0.0157538 0.0445652
internal_weight=4936 4774 4586 2659 1671 1328
internal_count=4936 4774 4586 2659 1671 1328
is_linear=0
shrinkage=0.02


Tree=31
num_leaves=7
num_cat=1
split_feature=8 3 12 0 0 2
split_gain=23962.7 31772.5 34818.5 69958.6 20477 13257.7
threshold=-228.5391302787437 1.6690565339841592 0 -98.894672837441234 48.537560233253849 197.80167035409153
decision_type=2 2 1 2 2 2
left_child=1 2 3 -1 -5 -4
right_child=-2 -3 5 4 -6 -7
leaf_value=-0.13222581198285607 -0.042342621864008986 -0.16720647007166123 0.042569832875595508 0.48256704542605361 0.16866736175066016 -0.14508876031842724
leaf_weight=160 2872 235 1114 217 156 164
leaf_count=160 2872 235 1114 217 156 164
internal_value=-0.00514019 0.0470334 0.0755992 0.208071 0.359116 0.0174138
internal_weight=4918 2046 1811 533 373 1278
internal_count=4918 2046 1811 533 373 1278
cat_boundaries=0 1
cat_threshold=40
is_linear=0
shrinkage=0.02


Tree=32
num_leaves=7
num_cat=0
split_feature=1 2 0 0 6 3
split_gain=23387.9 29711 27518.9 17915.9 16388.2 19769.4
threshold=296.07987626020054 141.38210041914419 -11.675988195707363 -50.179595189200889 2.5457617829593997 0.83491615637627092
decision_type=2 2 2 2 2 2
left_child=1 -1 3 -3 5 -4
right_child=-2 2 4 -5 -6 -7
leaf_value=-0.012604649265963608 -0.17201931121439304 0.11409626751848795 -0.15762532119848291 0.34351644272424958 0.13566993224935564 0.090605689297596964
leaf_weight=3191 255 402 284 210 293 219
leaf_count=3191 255 402 284 210 293 219
internal_value=0.0107244 0.0212082 0.097388 0.197076 0.0192492 -0.0498892
internal_weight=4854 4599 1408 612 796 503
internal_count=4854 4599 1408 612 796 503
is_linear=0
shrinkage=0.02


Tree=33
num_leaves=7
num_cat=1
split_feature=12 8 3 1 1 1
split_gain=49421.5 41747.9 36293.2 21608.7 22600.1 18405.8
threshold=0 -255.99382324609451 1.1579415151385939 273.51334075820108 205.39917248743214 166.43211812061588
decision_type=1 2 2 2 2 2
left_child=1 2 -1 4 5 -2
right_child=3 -3 -4 -5 -6 -7
leaf_value=0.37626836773944883 -0.013808783695042062 0.01463388727173548 0.048125256800851897 -0.24890924173156301 0.16897830058282953 -0.17123152238184591
leaf_weight=332 2924 694 228 157 236 321
leaf_count=332 2924 694 228 157 236 321
internal_value=0.0108625 0.118085 0.245855 -0.0265697 -0.0159335 -0.0298595
internal_weight=4892 1254 560 3638 3481 3245
internal_count=4892 1254 560 3638 3481 3245
cat_boundaries=0 1
cat_threshold=10
is_linear=0
shrinkage=0.02


Tree=34
num_leaves=7
num_cat=1
split_feature=12 3 6 10 1 9
split_gain=15973 37735.5 38884.5 29221.2 26027.7 25185.7
threshold=0 1.1479691490655346 6.7793808483063165 3.5000000000000004 137.96106516573226 1.0262351151910221
decision_type=1 2 2 2 2 2
left_child=1 4 3 -3 -1 -6
right_child=-2 2 -4 -5 5 -7
leaf_value=0.027100634471264106 -0.044882422636018077 -0.08001628683762578 -0.30817670275745668 0.23240801568701863 0.2895183148023372 0.012842595423421553
leaf_weight=1268 2257 466 216 150 356 207
leaf_count=1268 2257 466 216 150 356 207
internal_value=-0.00595589 0.0271468 -0.0837891 -0.00144165 0.0778844 0.189792
internal_weight=4920 2663 832 616 1831 563
internal_count=4920 2663 832 616 1831 563
cat_boundaries=0 1
cat_threshold=106
is_linear=0
shrinkage=0.02


Tree=35
num_leaves=7
num_cat=1
split_feature=1 12 4 10 5 2
split_gain=49583.4 22551.7 22122.6 24011.1 27230.6 17289.8
threshold=320.12892917304367 0 -216.45177044795898 2.5000000000000004 139.13277066291764 189.80239735317585
decision_type=2 1 2 2 2 2
left_child=1 2 -1 -4 -5 -3
right_child=-2 5 3 4 -6 -7
leaf_value=0.30000123588291144 -0.31209773377938704 -0.0011354164549561246 -0.029681996281778932 0.34970978276237197 0.018747966810084848 -0.1650986161112358
leaf_weight=159 188 3302 588 174 219 269
leaf_count=159 188 3302 588 174 219 269
internal_value=-0.0020428 0.0109653 0.0875778 0.0513522 0.170322 -0.0138744
internal_weight=4899 4711 1140 981 393 3571
internal_count=4899 4711 1140 981 393 3571
cat_boundaries=0 1
cat_threshold=10
is_linear=0
shrinkage=0.02


Tree=36
num_leaves=7
num_cat=0
split_feature=5 11 0 11 0 6
split_gain=20873.5 32811.5 28533.1 24192.2 17997.2 15484.1
threshold=-51.562276245014075 2.5000000000000004 101.79709652956227 4.5000000000000009 -110.32611974348571 -5.1839435810313574
decision_type=2 2 2 2 2 2
left_child=1 -1 3 -3 -2 -6
right_child=4 2 -4 -5 5 -7
leaf_value=-0.17657243237180531 0.16349817301637384 0.23093309481556598 0.31491586534344423 0.017250138145792453 -0.12940981825470532 -0.01607611324395921
leaf_weight=202 176 250 186 1157 598 2349
leaf_count=202 176 250 186 1157 598 2349
internal_value=0.00370731 0.0578746 0.0885197 0.0565798 -0.0275117 -0.0394335
internal_weight=4918 1795 1593 1407 3123 2947
internal_count=4918 1795 1593 1407 3123 2947
is_linear=0
shrinkage=0.02


Tree=37
num_leaves=7
num_cat=1
split_feature=10 8 12 4 8 8
split_gain=22154.4 27777.4 36192.3 29714.7 20272.3 18308.5
threshold=2.5000000000000004 -232.04066793985785 0 34.684867623617265 -720.73263489106751 -534.36742515054368
decision_type=2 2 1 2 2 2
left_child=4 2 -2 -3 -1 -6
right_child=1 3 -4 -5 5 -7
leaf_value=0.1605813206344843 -0.011408734750002623 -0.14013173663454723 0.25470067342790237 0.066311558634636406 -0.23104835030480558 -0.033379861048702004
leaf_weight=190 364 433 456 743 193 2538
leaf_count=190 364 433 456 743 193 2538
internal_value=0.000988913 0.0521988 0.140791 -0.0102409 -0.0340629 -0.0481411
internal_weight=4917 1996 820 1176 2921 2731
internal_count=4917 1996 820 1176 2921 2731
cat_boundaries=0 1
cat_threshold=81
is_linear=0
shrinkage=0.02


Tree=38
num_leaves=7
num_cat=1
split_feature=10 2 5 8 12 11
split_gain=23303.1 30890.1 27227 22726.2 47180.7 34520.1
threshold=1.0000000180025095e-35 261.39509462179353 -564.85876902731491 -253.33918051192558 0 7.5000000000000009
decision_type=2 2 2 2 1 2
left_child=-1 2 -2 4 5 -4
right_child=1 -3 3 -5 -6 -7
leaf_value=-0.093717353372866741 -0.23984964552297758 0.27136820800968858 0.36149563543594038 -0.018014190140179912 -0.036134149274537487 0.054755913309121537
leaf_weight=918 163 173 302 2449 610 285
leaf_count=918 163 173 302 2449 610 285
internal_value=-0.00344706 0.0175462 0.00533758 0.0169251 0.0879661 0.212421
internal_weight=4900 3982 3809 3646 1197 587
internal_count=4900 3982 3809 3646 1197 587
cat_boundaries=0 1
cat_threshold=46
is_linear=0
shrinkage=0.02


Tree=39
num_leaves=7
num_cat=1
split_feature=6 6 12 3 5 4
split_gain=31013.3 29537.5 22888.4 44467.3 18869.3 15948.9
threshold=22.48368498014575 -5.1839435810313574 0 1.0668878947819711 -59.466176715997591 143.63518084683614
decision_type=2 2 1 2 2 2
left_child=1 4 3 -3 -1 -4
right_child=-2 2 5 -5 -6 -7
leaf_value=0.028933083467673711 -0.27380840492971015 0.30681139994375778 -0.0088673386624087067 -0.10348187718046717 -0.15335614786191606 0.10376878601881678
leaf_weight=341 155 293 2692 156 654 608
leaf_count=341 155 293 2692 156 654 608
internal_value=-0.00425666 0.00510779 0.0308474 0.16159 -0.0912169 0.0120993
internal_weight=4899 4744 3749 449 995 3300
internal_count=4899 4744 3749 449 995 3300
cat_boundaries=0 1
cat_threshold=8
is_linear=0
shrinkage=0.02


Tree=40
num_leaves=7
num_cat=1
split_feature=11 12 8 0 10 5
split_gain=25585.9 36157.4 25038.2 31707.7 26554.7 18145.2
threshold=2.5000000000000004 0 -234.37346391034782 -101.38379049103806 2.5000000000000004 -123.44397651009528
decision_type=2 1 2 2 2 2
left_child=5 2 3 -2 -5 -1
right_child=1 -3 -4 4 -6 -7
leaf_value=-0.28255150603954909 -0.014102756263218759 -0.0293697716473609 0.019733853981899929 0.13274467867069148 0.43140122766698802 -0.052441761292849456
leaf_weight=173 236 2560 898 286 212 573
leaf_count=173 236 2560 898 286 212 573
internal_value=-0.00172634 0.0175484 0.090504 0.176874 0.265873 -0.108837
internal_weight=4938 4192 1632 734 498 746
internal_count=4938 4192 1632 734 498 746
cat_boundaries=0 1
cat_threshold=42
is_linear=0
shrinkage=0.02


Tree=41
num_leaves=7
num_cat=1
split_feature=11 12 0 5 5 7
split_gain=21656.4 29684.2 44193.4 54664 18652.2 18565.6
threshold=2.5000000000000004 0 -98.894672837441234 -10.62214738378035 -123.44397651009528 -0.029672738081590187
decision_type=2 1 2 2 2 2
left_child=4 2 -2 -4 -1 -6
right_child=1 -3 3 -5 5 -7
leaf_value=-0.28210350309466498 -0.16125985767139775 -0.015678041238282189 0.39296943135036716 0.061007031670419036 -0.20789808073881511 0.035885873467171779
leaf_weight=164 199 3064 275 669 175 378
leaf_count=164 199 3064 275 669 175 378
internal_value=-0.000457593 0.0169233 0.102938 0.160818 -0.10127 -0.0435833
internal_weight=4924 4207 1143 944 717 553
internal_count=4924 4207 1143 944 717 553
cat_boundaries=0 1
cat_threshold=40
is_linear=0
shrinkage=0.02


Tree=42
num_leaves=7
num_cat=1
split_feature=8 11 12 3 11 2
split_gain=22062.8 27333.2 26563 81159.3 28421.8 21620.6
threshold=-195.40574043046431 2.5000000000000004 0 1.1736216732552625 3.5000000000000004 206.91974052081409
decision_type=2 2 1 2 2 2
left_child=1 -1 3 5 -4 -3
right_child=-2 2 4 -5 -6 -7
leaf_value=-0.13910314783651964 -0.045054470378297608 0.20782334676743802 0.26059969631922725 -0.10699236619873208 -0.011934421531990305 0.54305401312912294
leaf_weight=291 2625 181 163 228 1322 157
leaf_count=291 2625 181 163 228 1322 157
internal_value=-0.00532075 0.0392165 0.065069 0.179045 0.0193934 0.374667
internal_weight=4967 2342 2051 566 1485 338
internal_count=4967 2342 2051 566 1485 338
cat_boundaries=0 1
cat_threshold=40
is_linear=0
shrinkage=0.02


Tree=43
num_leaves=7
num_cat=1
split_feature=10 2 7 2 2 12
split_gain=24790.6 17738.4 17107 15220.8 13109.1 14013
threshold=2.5000000000000004 106.64601698382781 -0.053919769860762905 189.80239735317585 143.6020373804208 0
decision_type=2 2 2 2 2 1
left_child=3 -2 -3 4 -1 -6
right_child=1 2 -4 -5 5 -7
leaf_value=-0.049539127100181019 -0.03319164965874874 -0.075474948603395042 0.1227409016140432 -0.1529292685045697 -0.076268822535490374 0.1379360152436474
leaf_weight=1947 718 201 1060 439 175 326
leaf_count=1947 718 201 1060 439 175 326
internal_value=-0.00851432 0.0458743 0.0908006 -0.0458267 -0.0260759 0.0642924
internal_weight=4866 1979 1261 2887 2448 501
internal_count=4866 1979 1261 2887 2448 501
cat_boundaries=0 1
cat_threshold=24
is_linear=0
shrinkage=0.02


Tree=44
num_leaves=7
num_cat=0
split_feature=2 9 3 9 7 9
split_gain=19371.5 17684.8 31993.6 25059.5 13924.2 13454.7
threshold=274.16703355779902 1.2710378877466704 1.449428445908435 1.353050726294226 -0.021348795428138344 1.4762788750354527
decision_type=2 2 2 2 2 2
left_child=1 2 4 -3 -1 -5
right_child=-2 3 -4 5 -6 -7
leaf_value=-0.06046000764021485 0.21536286591372875 0.23191077667866311 -0.19830951452408868 -0.096770533107070095 0.022023998152035037 0.086301713472078337
leaf_weight=1254 151 264 378 286 2314 341
leaf_count=1254 151 264 378 286 2314 341
internal_value=-0.00046358 -0.00763161 -0.0258296 0.0723545 -0.00705357 0.00258685
internal_weight=4988 4837 3946 891 3568 627
internal_count=4988 4837 3946 891 3568 627
is_linear=0
shrinkage=0.02


Tree=45
num_leaves=7
num_cat=0
split_feature=1 2 0 3 2 9
split_gain=22701.2 23815.4 32829.6 32253.6 17085.1 28409.6
threshold=296.07987626020054 123.87157319201923 35.600233539256905 0.69884659823836914 199.51889307778131 1.2034330978044514
decision_type=2 2 2 2 2 2
left_child=1 -1 4 -4 5 -3
right_child=-2 2 3 -5 -6 -7
leaf_value=-0.031067567013641013 -0.178556611845854 0.030580288247665004 -0.28626602408465218 0.023106877868184609 0.25433827004976722 0.30050351270474496
leaf_weight=2582 261 847 160 645 288 182
leaf_count=2582 261 847 160 645 288 182
internal_value=-0.000552645 0.00968168 0.0591776 -0.0411414 0.120344 0.0807546
internal_weight=4965 4704 2122 805 1317 1029
internal_count=4965 4704 2122 805 1317 1029
is_linear=0
shrinkage=0.02


Tree=46
num_leaves=7
num_cat=1
split_feature=10 12 5 9 4 5
split_gain=18534.4 21701.2 22303.3 18414.4 14500.2 14554.7
threshold=2.5000000000000004 0 338.25146292393464 0.82428435064309913 -87.502893359424107 -478.40422256056763
decision_type=2 1 2 2 2 2
left_child=4 2 3 -2 5 -1
right_child=1 -3 -4 -5 -6 -7
leaf_value=-0.11773375270041553 0.37812592931540617 -0.0062290438989628209 -0.03215323055086057 0.11953444958524538 -0.057884342925676374 0.089312571253052989
leaf_weight=166 156 1207 232 376 2191 593
leaf_count=166 156 1207 232 376 2191 593
internal_value=-0.000158997 0.0471909 0.12899 0.200939 -0.0318477 0.0430876
internal_weight=4921 1971 764 532 2950 759
internal_count=4921 1971 764 532 2950 759
cat_boundaries=0 1
cat_threshold=42
is_linear=0
shrinkage=0.02


Tree=47
num_leaves=7
num_cat=2
split_feature=11 12 3 11 9 12
split_gain=16433.5 23944.9 44814.3 25134.4 21074.6 19491.5
threshold=2.5000000000000004 0 1.2101780203845447 3.5000000000000004 1.0902824551004995 1
decision_type=2 1 2 2 2 1
left_child=5 2 -2 4 -3 -1
right_child=1 3 -4 -5 -6 -7
leaf_value=-0.2428287227986532 0.17997945802406803 0.0055848132323574372 -0.10186604816063195 -0.02528978961040855 0.32297461026943991 -0.013171267485395616
leaf_weight=189 809 175 304 2774 151 528
leaf_count=189 809 175 304 2774 151 528
internal_value=0.00811205 0.0232163 0.101869 -0.0055688 0.157834 -0.0797374
internal_weight=4930 4213 1113 3100 326 717
internal_count=4930 4213 1113 3100 326 717
cat_boundaries=0 1 2
cat_threshold=40 40
is_linear=0
shrinkage=0.02


Tree=48
num_leaves=7
num_cat=2
split_feature=10 12 3 12 1 6
split_gain=27325.7 23347.4 18131.2 20295.3 18902.5 17836.8
threshold=2.5000000000000004 0 1.3194631267353216 1 205.39917248743214 5.3749775049927182
decision_type=2 1 2 1 2 2
left_child=2 -2 4 -4 -1 -3
right_child=1 5 3 -5 -6 -7
leaf_value=-0.019892212350566384 0.18573337369222265 -0.0012015875906153321 0.018862033549240369 -0.23227117719203694 0.1904313609857817 0.19480473629378398
leaf_weight=2237 490 1253 217 303 175 208
leaf_count=2237 490 1253 217 303 175 208
internal_value=0.0113739 0.0691861 -0.0271996 -0.133119 -0.00390917 0.0276501
internal_weight=4883 1951 2932 520 2412 1461
internal_count=4883 1951 2932 520 2412 1461
cat_boundaries=0 1 2
cat_threshold=10 70
is_linear=0
shrinkage=0.02


Tree=49
num_leaves=7
num_cat=1
split_feature=10 8 12 0 9 7
split_gain=27926.5 30567.2 40889.8 46348.7 41439 19517.4
threshold=1.0000000180025095e-35 -253.33918051192558 0 -122.29596277634535 1.249212041783289 -0.02433125199737762
decision_type=2 2 1 2 2 2
left_child=-1 2 3 -2 -5 -4
right_child=1 -3 5 4 -6 -7
leaf_value=-0.086643060788147805 -0.073745579907360179 -0.0065339524207197889 -0.1949199588644204 0.17877883184468876 0.5461695635586642 0.051820219324839975
leaf_weight=910 182 2541 161 455 168 503
leaf_count=910 182 2541 161 455 168 503
internal_value=0.0127919 0.0355163 0.107805 0.201444 0.284914 -0.00986483
internal_weight=4920 4010 1469 805 623 664
internal_count=4920 4010 1469 805 623 664
cat_boundaries=0 1
cat_threshold=46
is_linear=0
shrinkage=0.02


Tree=50
num_leaves=7
num_cat=1
split_feature=12 0 4 5 5 9
split_gain=19253.6 31917.4 46140.6 39892.9 18562 13766.2
threshold=0 -81.054042075490159 -247.05608522344372 -368.79395694450187 660.23011033039722 1.110479523415594
decision_type=1 2 2 2 2 2
left_child=1 3 -3 -1 -4 -5
right_child=-2 2 4 5 -6 -7
leaf_value=-0.34835103455306482 -0.037325362150644352 0.39420853179372006 0.069490283179951581 0.14033324536524322 -0.11944666577092672 -0.1116033421959728
leaf_weight=163 2292 157 1789 180 226 150
leaf_count=163 2292 157 1789 180 226 150
internal_value=0.00501354 0.0414147 0.0745447 -0.102302 0.0478141 0.0259023
internal_weight=4957 2665 2172 493 2015 330
internal_count=4957 2665 2172 493 2015 330
cat_boundaries=0 1
cat_threshold=106
is_linear=0
shrinkage=0.02


Tree=51
num_leaves=7
num_cat=0
split_feature=10 1 4 0 6 3
split_gain=25362.9 42658.5 70978.8 21118 18116.9 17211
threshold=2.5000000000000004 213.09752734359333 -65.46246075648456 -83.006284180199827 5.3749775049927182 1.2600534287211291
decision_type=2 2 2 2 2 2
left_child=5 3 -3 -2 -5 -1
right_child=1 2 -4 4 -6 -7
leaf_value=-0.019916308758871452 -0.20986346855667065 -0.047974501731603045 0.55005939409500215 0.0039287779969860341 0.20641665408424303 -0.14104299994302974
leaf_weight=2362 151 151 154 1326 194 577
leaf_count=2362 151 151 154 1326 194 577
internal_value=-0.0068991 0.0483664 0.26186 0.00807247 0.0309528 -0.0440942
internal_weight=4915 1976 305 1671 1520 2939
internal_count=4915 1976 305 1671 1520 2939
is_linear=0
shrinkage=0.02


Tree=52
num_leaves=7
num_cat=0
split_feature=2 1 1 5 5 3
split_gain=18675.3 25226.2 23899 40037.8 16020.1 15801.8
threshold=261.39509462179353 289.77906232928189 205.39917248743214 -252.7845846471366 -301.19483005336173 0.45761792378325139
decision_type=2 2 2 2 2 2
left_child=1 2 4 -4 -1 -6
right_child=-2 -3 3 -5 5 -7
leaf_value=0.11381162238673927 0.19521476873055033 -0.22415404495985614 -0.092736567997493621 0.3092648311957944 0.17188667268412455 -0.022882261623598379
leaf_weight=432 207 174 153 253 165 3491
leaf_count=432 207 174 153 253 165 3491
internal_value=0.0138407 0.00539768 0.0147635 0.159184 6.6888e-05 -0.0136472
internal_weight=4875 4668 4494 406 4088 3656
internal_count=4875 4668 4494 406 4088 3656
is_linear=0
shrinkage=0.02


Tree=53
num_leaves=7
num_cat=1
split_feature=6 12 7 9 5 5
split_gain=14663.7 24875.7 27230.6 14552 26891.4 16698.4
threshold=-5.1839435810313574 0 0.074889923672478487 0.78453089534958476 61.580230476170364 329.18598668427359
decision_type=2 1 2 2 2 2
left_child=-1 2 3 5 -5 -2
right_child=1 -3 -4 4 -6 -7
leaf_value=-0.075105650414598976 -0.071803140137288668 -0.032931208091953212 -0.1316708526741317 0.2609204505532306 0.047594016128272382 0.16818609613213645
leaf_weight=997 323 2246 225 432 520 168
leaf_count=997 323 2246 225 432 520 168
internal_value=-0.00703471 0.010452 0.0685046 0.10088 0.146104 0.0120293
internal_weight=4911 3914 1668 1443 952 491
internal_count=4911 3914 1668 1443 952 491
cat_boundaries=0 1
cat_threshold=104
is_linear=0
shrinkage=0.02


Tree=54
num_leaves=7
num_cat=1
split_feature=10 12 9 6 5 2
split_gain=24143.1 19601.8 25946.8 17960.1 18627.1 20752.8
threshold=2.5000000000000004 0 0.85122610611134375 -5.1839435810313574 315.54710794001915 189.80239735317585
decision_type=2 1 2 2 2 2
left_child=3 2 -2 -1 5 -5
right_child=1 -3 -4 4 -6 -7
leaf_value=-0.12809134288215637 0.28490471162966319 0.0059910168921178545 0.04560092872501624 -0.013216718901690946 0.094892867644959328 -0.22433539359637028
leaf_weight=615 284 1197 485 1546 537 202
leaf_count=615 284 1197 485 1546 537 202
internal_value=0.00355835 0.0575028 0.134771 -0.0330842 -0.00706663 -0.038751
internal_weight=4866 1966 769 2900 2285 1748
internal_count=4866 1966 769 2900 2285 1748
cat_boundaries=0 1
cat_threshold=42
is_linear=0
shrinkage=0.02


Tree=55
num_leaves=7
num_cat=1
split_feature=8 12 0 9 9 0
split_gain=21121.6 41803.7 42788.4 31299.7 42226 16092
threshold=-258.61837369783581 0 -98.894672837441234 1.1797145288870692 0.90473327658044178 -53.172906487672357
decision_type=2 1 2 2 2 2
left_child=1 2 -1 4 -4 -2
right_child=5 -3 3 -5 -6 -7
leaf_value=-0.049354919031942536 -0.14915938024783074 -0.025049618429831055 0.37888807256193557 0.49473610671406443 -0.066187541410747897 -0.0119450742584577
leaf_weight=231 381 1029 159 166 167 2740
leaf_count=231 381 1029 159 166 167 2740
internal_value=0.00205787 0.0574454 0.171596 0.27767 0.155705 -0.0291186
internal_weight=4873 1752 723 492 326 3121
internal_count=4873 1752 723 492 326 3121
cat_boundaries=0 1
cat_threshold=44
is_linear=0
shrinkage=0.02


Tree=56
num_leaves=7
num_cat=0
split_feature=2 6 5 2 3 9
split_gain=19395.7 18885.6 15684 20917.8 19656.1 12611.6
threshold=274.16703355779902 -6.7831120495426269 -439.11478564560952 204.13765652174089 1.1372352168856039 1.2234283518730888
decision_type=2 2 2 2 2 2
left_child=1 -1 4 5 -3 -4
right_child=-2 2 3 -5 -6 -7
leaf_value=-0.10779479324278061 0.2093326818059992 0.035296348269114243 -0.016166850371037215 0.21001447910013105 -0.26774268771781301 0.074186406229914292
leaf_weight=708 152 157 2802 198 173 782
leaf_count=708 152 157 2802 198 173 782
internal_value=-0.00594334 -0.0131515 0.00336609 0.0150257 -0.126772 0.00369907
internal_weight=4972 4820 4112 3782 330 3584
internal_count=4972 4820 4112 3782 330 3584
is_linear=0
shrinkage=0.02


Tree=57
num_leaves=7
num_cat=0
split_feature=10 0 3 1 8 8
split_gain=23470 22539.5 23551.2 21838.4 19667.3 19141.9
threshold=2.5000000000000004 98.926110288357634 1.449428445908435 232.10980190143655 -216.58200369918333 -255.99382324609451
decision_type=2 2 2 2 2 2
left_child=3 2 5 4 -1 -2
right_child=1 -3 -4 -5 -6 -7
leaf_value=0.063192923067438511 0.15772171765788279 0.22916084894783609 -0.16609838083386422 -0.18564461635293497 -0.04959936825746801 0.0078926509451884945
leaf_weight=968 526 269 196 300 1672 941
leaf_count=968 526 269 196 300 1672 941
internal_value=0.0087241 0.0627005 0.0345657 -0.0268384 -0.0081598 0.0623187
internal_weight=4872 1932 1663 2940 2640 1467
internal_count=4872 1932 1663 2940 2640 1467
is_linear=0
shrinkage=0.02


Tree=58
num_leaves=7
num_cat=1
split_feature=10 8 0 12 7 9
split_gain=27947.2 17213.9 30569.7 29571.8 23500.7 19030
threshold=1.0000000180025095e-35 -234.37346391034782 5.2668603879479923 0 -0.02541058334789708 1.1797145288870692
decision_type=2 2 2 1 2 2
left_child=-1 2 4 -4 -2 -5
right_child=1 -3 3 5 -6 -7
leaf_value=-0.088696877134466251 -0.15525885365456343 -0.0019374417285645759 -0.032077051411072414 0.17227036140706034 0.069669103404681992 0.45264392690999167
leaf_weight=937 240 2353 175 282 714 158
leaf_count=937 240 2353 175 282 714 158
internal_value=0.0088609 0.0323346 0.0834185 0.192147 0.0120599 0.274668
internal_weight=4859 3922 1569 615 954 440
internal_count=4859 3922 1569 615 954 440
cat_boundaries=0 1
cat_threshold=65
is_linear=0
shrinkage=0.02


Tree=59
num_leaves=7
num_cat=1
split_feature=11 12 3 5 6 2
split_gain=19332.5 19750 25818.7 30531 27132.8 17156.3
threshold=2.5000000000000004 0 1.2171315495308785 -10.62214738378035 -3.3910899707495497 153.51869018868882
decision_type=2 1 2 2 2 2
left_child=5 2 3 -2 -5 -1
right_child=1 -3 -4 4 -6 -7
leaf_value=-0.039017277258256128 0.33051810032898382 -0.010888354704860645 -0.072650148703212361 -0.12853842490881531 0.15730214699180706 -0.26136872303039632
leaf_weight=557 238 3110 291 189 394 177
leaf_count=557 238 3110 291 189 394 177
internal_value=-0.00141111 0.0151208 0.0866358 0.144331 0.0640319 -0.0954284
internal_weight=4956 4222 1112 821 583 734
internal_count=4956 4222 1112 821 583 734
cat_boundaries=0 1
cat_threshold=40
is_linear=0
shrinkage=0.02


Tree=60
num_leaves=7
num_cat=0
split_feature=7 4 3 6 0 3
split_gain=16272.1 19233.6 15903.8 11975.4 22556.4 21351.5
threshold=0.13273668291836749 -228.33107461018682 1.2171315495308785 5.3749775049927182 35.600233539256905 0.69884659823836914
decision_type=2 2 2 2 2 2
left_child=1 2 -1 4 -3 -6
right_child=-2 3 -4 -5 5 -7
leaf_value=0.24104358980778176 -0.16683539795763616 0.019281940192075783 0.0067696654001871753 0.078294906782070892 -0.29617578899753944 -0.052032010127956739
leaf_weight=243 203 2430 215 629 158 1025
leaf_count=243 203 2430 215 629 158 1025
internal_value=0.00416018 0.0118843 0.133562 -0.00153628 -0.0156121 -0.0868488
internal_weight=4903 4700 458 4242 3613 1183
internal_count=4903 4700 458 4242 3613 1183
is_linear=0
shrinkage=0.02


Tree=61
num_leaves=7
num_cat=0
split_feature=3 8 4 10 8 4
split_gain=21783.5 71009 29422.4 18211.5 24159.5 22478.4
threshold=1.5176762067704874 -776.61855322704912 22.716371794894254 2.5000000000000004 -255.99382324609451 64.068752362728148
decision_type=2 2 2 2 2 2
left_child=1 -1 -2 -3 -5 -6
right_child=2 3 -4 4 5 -7
leaf_value=0.37519044176440375 -0.20776238602505723 -0.032955051757004715 0.10072721926485255 0.15917672870273752 -0.091101447614995834 0.085176638782628475
leaf_weight=204 384 2470 173 553 556 582
leaf_count=204 384 2470 173 553 556 582
internal_value=0.00478803 0.0198948 -0.111861 0.00161811 0.0520151 -0.000992029
internal_weight=4922 4365 557 4161 1691 1138
internal_count=4922 4365 557 4161 1691 1138
is_linear=0
shrinkage=0.02


Tree=62
num_leaves=7
num_cat=0
split_feature=6 2 3 10 4 4
split_gain=30368.5 31351.8 48354.6 17796.5 17641 16537.1
threshold=-5.1839435810313574 206.91974052081409 0.93178958453336336 2.5000000000000004 12.992798425805537 164.9782390197592
decision_type=2 2 2 2 2 2
left_child=3 -2 -3 5 -5 -1
right_child=1 2 -4 4 -6 -7
leaf_value=-0.094214995936792709 0.013188132684896974 0.41389417649630239 -0.037289242119402502 -0.15180241202563047 0.11716556730747224 -0.33456749677474112
leaf_weight=437 3560 194 175 150 240 152
leaf_count=437 3560 194 175 150 240 152
internal_value=0.00677237 0.0316368 0.20458 -0.0923266 0.0125075 -0.160791
internal_weight=4908 3929 369 979 390 589
internal_count=4908 3929 369 979 390 589
is_linear=0
shrinkage=0.02


Tree=63
num_leaves=7
num_cat=1
split_feature=1 8 12 9 1 3
split_gain=54911.8 16654.9 16348.5 23049.4 27142.2 37897.4
threshold=320.12892917304367 -196.85572030209815 0 1.2764559811780789 114.56669161462779 1.1434497594957245
decision_type=2 2 1 2 2 2
left_child=1 2 3 4 -1 -6
right_child=-2 -3 -4 -5 5 -7
leaf_value=-0.14978884100914003 -0.33320698991417885 -0.02177360927607452 -0.0035708593834234055 0.27602563242667277 0.23893154779784381 -0.07487425914430243
leaf_weight=187 182 2619 1032 243 390 244
leaf_count=187 182 2619 1032 243 390 244
internal_value=-0.00164957 0.0118267 0.0537151 0.107823 0.0566139 0.118874
internal_weight=4897 4715 2096 1064 821 634
internal_count=4897 4715 2096 1064 821 634
cat_boundaries=0 1
cat_threshold=46
is_linear=0
shrinkage=0.02


Tree=64
num_leaves=7
num_cat=0
split_feature=10 5 2 7 4 9
split_gain=22596.2 19143.5 25025 18936 15041.2 14155.5
threshold=2.5000000000000004 338.25146292393464 167.10967085018305 0.13273668291836749 -228.33107461018682 0.99099316549139682
decision_type=2 2 2 2 2 2
left_child=3 2 -2 4 -1 -4
right_child=1 -3 5 -5 -6 -7
leaf_value=0.10946067985478669 0.036497996108580941 -0.07329376793323561 0.36540671550866327 -0.24252772307462905 -0.045054821869990713 0.09083267786335654
leaf_weight=271 1231 420 155 168 2466 154
leaf_count=271 1231 420 155 168 2466 154
internal_value=-0.00717966 0.0451606 0.0777308 -0.0425273 -0.0294129 0.235701
internal_weight=4865 1960 1540 2905 2737 309
internal_count=4865 1960 1540 2905 2737 309
is_linear=0
shrinkage=0.02


Tree=65
num_leaves=7
num_cat=0
split_feature=2 10 0 9 9 2
split_gain=17998.3 13434.4 17160 25092 20676.8 11230.6
threshold=261.39509462179353 2.5000000000000004 -85.16809111589528 1.2710378877466704 1.0262351151910221 164.12726547973151
decision_type=2 2 2 2 2 2
left_child=1 -1 -3 4 5 -4
right_child=-2 2 3 -5 -6 -7
leaf_value=-0.031626115874550387 0.18447044657648737 -0.11070929034279722 0.041411788844663094 0.23486928069957327 -0.10679887761192566 0.22173076742025744
leaf_weight=2810 202 261 871 267 342 156
leaf_count=2810 202 261 871 267 342 156
internal_value=0.00420341 -0.0039074 0.0371025 0.061213 0.0258868 0.0706761
internal_weight=4909 4707 1897 1636 1369 1027
internal_count=4909 4707 1897 1636 1369 1027
is_linear=0
shrinkage=0.02


Tree=66
num_leaves=7
num_cat=1
split_feature=4 5 12 10 1 3
split_gain=21152.2 15626.2 18653.1 21294.2 32206.4 19090.3
threshold=-402.69020034599748 675.22514303868309 0 2.5000000000000004 217.02621947036724 1.0938348219004441
decision_type=2 2 1 2 2 2
left_child=-1 2 3 5 -5 -2
right_child=1 -3 -4 4 -6 -7
leaf_value=-0.22218611968491606 0.056286213525907791 -0.13795284818924194 -0.025825634250736588 0.070495545415922678 0.36785413076261897 -0.10188605426950792
leaf_weight=157 930 271 2203 769 172 442
leaf_count=157 930 271 2203 769 172 442
internal_value=-0.000920103 0.00678484 0.015756 0.0551745 0.128145 0.00496132
internal_weight=4944 4787 4516 2313 941 1372
internal_count=4944 4787 4516 2313 941 1372
cat_boundaries=0 1
cat_threshold=106
is_linear=0
shrinkage=0.02


Tree=67
num_leaves=7
num_cat=0
split_feature=3 6 6 1 10 6
split_gain=30076.5 29229.3 24071.9 37479.6 21140.6 22912.9
threshold=1.2746222368394753 6.7793808483063165 -6.7831120495426269 113.85241387687888 1.0000000180025095e-35 5.3749775049927182
decision_type=2 2 2 2 2 2
left_child=2 -2 -1 -4 -5 -6
right_child=1 -3 3 4 5 -7
leaf_value=-0.10420293345653191 -0.044885828058441435 -0.29092525748236508 -0.014274556740246745 -0.066492129828685367 0.10201979105291914 0.31843394176565487
leaf_weight=557 817 245 2067 185 720 268
leaf_count=557 817 245 2067 185 720 268
internal_value=-0.01027 -0.103831 0.0161024 0.0370415 0.126824 0.163326
internal_weight=4859 1062 3797 3240 1173 988
internal_count=4859 1062 3797 3240 1173 988
is_linear=0
shrinkage=0.02


Tree=68
num_leaves=7
num_cat=1
split_feature=1 12 2 3 8 5
split_gain=24483 20677.8 24392 22988.6 23631.3 11454.5
threshold=338.63511084158785 0 126.57855508884444 1.1211607659550034 -255.99382324609451 -51.562276245014075
decision_type=2 1 2 2 2 2
left_child=1 2 -1 4 -4 -3
right_child=-2 5 3 -5 -6 -7
leaf_value=-0.049415043730993528 -0.23335518575849989 0.035578167147686836 0.35618757412127489 -0.032303337446555565 0.097206912988183125 -0.038215852363073385
leaf_weight=360 158 1314 247 207 336 2300
leaf_count=360 158 1314 247 207 336 2300
internal_value=0.0039545 0.0122973 0.0853679 0.147705 0.211086 -0.01133
internal_weight=4922 4764 1150 790 583 3614
internal_count=4922 4764 1150 790 583 3614
cat_boundaries=0 1
cat_threshold=10
is_linear=0
shrinkage=0.02


Tree=69
num_leaves=7
num_cat=0
split_feature=8 11 11 11 6 3
split_gain=20906.7 19391.8 20624.7 15734.5 24668.1 19141.1
threshold=-195.40574043046431 7.5000000000000009 2.5000000000000004 3.5000000000000004 -4.0281945274989175 1.0161032254785447
decision_type=2 2 2 2 2 2
left_child=1 2 -1 -4 -5 -6
right_child=-2 -3 3 4 5 -7
leaf_value=-0.054169075628586832 -0.041180179069354762 -0.022113647817311999 0.28267933320010075 -0.10452829246442331 0.2576653126634042 0.029155651709575247
leaf_weight=289 2589 1060 219 187 317 271
leaf_count=289 2589 1060 219 187 317 271
internal_value=-0.00208309 0.0411103 0.0931123 0.136047 0.0915379 0.154597
internal_weight=4932 2343 1283 994 775 588
internal_count=4932 2343 1283 994 775 588
is_linear=0
shrinkage=0.02


Tree=70
num_leaves=7
num_cat=0
split_feature=8 6 8 5 1 10
split_gain=12838.6 19294.4 29188.1 24383.2 31393 29701.3
threshold=-255.99382324609451 12.502209564702051 -799.97915458296814 -252.7845846471366 181.93079881984963 3.5000000000000004
decision_type=2 2 2 2 2 2
left_child=1 2 -1 5 -5 -4
right_child=-2 -3 3 4 -6 -7
leaf_value=0.31171202775727902 -0.012314945749320192 -0.10640942375175655 -0.12776563230910074 0.04360636764346696 0.33387057121825103 0.18750580552919413
leaf_weight=183 3111 246 449 546 197 152
leaf_count=183 3111 246 449 546 197 152
internal_value=0.0121726 0.0549677 0.0814888 0.0480708 0.123979 -0.0462659
internal_weight=4884 1773 1527 1344 743 601
internal_count=4884 1773 1527 1344 743 601
is_linear=0
shrinkage=0.02


Tree=71
num_leaves=7
num_cat=0
split_feature=1 8 1 1 10 6
split_gain=56352 40979.5 24178.6 16561.3 15487.2 13186.7
threshold=320.12892917304367 -776.61855322704912 209.66695380095641 232.10980190143655 1.0000000180025095e-35 6.0764419368763987
decision_type=2 2 2 2 2 2
left_child=1 -1 4 -4 -3 -6
right_child=-2 2 3 -5 5 -7
leaf_value=0.31863749226607846 -0.3251601028442383 -0.086280799693035592 0.30274176077094189 0.049693083610940492 -0.0020027452397279682 0.12170234274665005
leaf_weight=167 187 778 162 272 3023 379
leaf_count=167 187 778 162 272 3023 379
internal_value=0.00636921 0.019988 0.0085129 0.14884 -0.00637742 0.0120949
internal_weight=4968 4781 4614 434 4180 3402
internal_count=4968 4781 4614 434 4180 3402
is_linear=0
shrinkage=0.02


Tree=72
num_leaves=7
num_cat=1
split_feature=6 1 0 3 1 12
split_gain=17018.3 19274.4 34403.2 16352.6 10821.2 14185.1
threshold=22.48368498014575 205.39917248743214 -96.58015473117176 1.3112718156755736 190.61180841742942 0
decision_type=2 2 2 2 2 1
left_child=1 4 -3 -4 5 -1
right_child=-2 2 3 -5 -6 -7
leaf_value=0.051118838078920828 -0.19476652526132987 -0.051085576742303136 0.36257718253861831 0.096608577725922531 -0.16135149843594027 -0.02717452701697029
leaf_weight=1458 155 296 187 193 159 2457
leaf_count=1458 155 296 187 193 159 2457
internal_value=0.00493276 0.0118447 0.109923 0.233434 -0.00465868 0.00209996
internal_weight=4905 4750 676 380 4074 3915
internal_count=4905 4750 676 380 4074 3915
cat_boundaries=0 1
cat_threshold=104
is_linear=0
shrinkage=0.02


Tree=73
num_leaves=7
num_cat=0
split_feature=7 8 1 6 1 1
split_gain=17904.3 25209.7 19575 12041.8 31533.7 22347
threshold=0.074889923672478487 -720.73263489106751 162.79304446532112 -5.1839435810313574 205.39917248743214 176.86258983808281
decision_type=2 2 2 2 2 2
left_child=1 -1 -2 -3 5 -5
right_child=2 3 -4 4 -6 -7
leaf_value=0.18629467815472275 -0.013470998849932997 -0.070641169950699981 -0.26772483035286454 0.0058592353526601372 0.21207675539062057 -0.21719906609369599
leaf_weight=277 287 927 201 2788 274 182
leaf_count=277 287 927 201 2788 274 182
internal_value=-0.00774228 0.00497925 -0.121468 -0.00747885 0.0107319 -0.00849264
internal_weight=4936 4448 488 4171 3244 2970
internal_count=4936 4448 488 4171 3244 2970
is_linear=0
shrinkage=0.02


Tree=74
num_leaves=7
num_cat=0
split_feature=1 1 6 6 4 2
split_gain=19994.8 19746.9 17356.8 34659.9 16515.9 18462.7
threshold=338.63511084158785 209.66695380095641 7.4380457637679429 -4.6603656532967488 -247.05608522344372 189.80239735317585
decision_type=2 2 2 2 2 2
left_child=1 4 3 -3 -1 -6
right_child=-2 2 -4 -5 5 -7
leaf_value=0.16081841256045087 -0.21219618011403968 -0.009058829354281402 -0.055018170969617877 0.35639078193876944 0.0015207765430465207 -0.15950130107719152
leaf_weight=227 152 189 153 219 3639 299
leaf_count=227 152 189 153 219 3639 299
internal_value=0.00631023 0.0137712 0.124068 0.190935 -0.00134674 -0.0110782
internal_weight=4878 4726 561 408 4165 3938
internal_count=4878 4726 561 408 4165 3938
is_linear=0
shrinkage=0.02


Tree=75
num_leaves=7
num_cat=0
split_feature=10 6 1 1 6 11
split_gain=15060.5 20470.5 16772.8 17996.8 12266.1 14014.8
threshold=2.5000000000000004 9.5283334778462088 232.10980190143655 193.16962209246233 -3.8391965471151752 11.500000000000002
decision_type=2 2 2 2 2 2
left_child=2 -2 3 4 -1 -6
right_child=1 -3 -4 -5 5 -7
leaf_value=-0.10709822094510819 0.022759279145243925 0.25695868228842145 -0.16549169594086474 0.16122582523790127 -0.020757309996024546 0.16380306525308577
leaf_weight=583 1811 153 312 209 1625 173
leaf_count=583 1811 153 312 209 1625 173
internal_value=-0.000435284 0.0422132 -0.0293446 -0.0123704 -0.0282189 -0.0021915
internal_weight=4866 1964 2902 2590 2381 1798
internal_count=4866 1964 2902 2590 2381 1798
is_linear=0
shrinkage=0.02


Tree=76
num_leaves=7
num_cat=1
split_feature=7 12 5 8 8 6
split_gain=16788 12574 12072.3 12374.2 10735.3 11219.7
threshold=0.13273668291836749 0 -55.242504051382653 -88.188274254331603 -687.70309438339325 -12.130164565973265
decision_type=2 1 2 2 2 2
left_child=1 2 -1 -4 -3 -6
right_child=-2 4 3 -5 5 -7
leaf_value=0.034203773829443701 -0.18247481348968689 0.12409149074108802 -0.24645570161059041 -0.024619685301413907 -0.12562467559548726 0.012672758629272092
leaf_weight=222 200 311 217 185 241 3593
leaf_count=222 200 311 217 185 241 3593
internal_value=-0.00746519 0.000240744 -0.0820047 -0.147442 0.0129559 0.00367538
internal_weight=4969 4769 624 402 4145 3834
internal_count=4969 4769 624 402 4145 3834
cat_boundaries=0 1
cat_threshold=4
is_linear=0
shrinkage=0.02


Tree=77
num_leaves=7
num_cat=1
split_feature=2 4 12 4 6 3
split_gain=17969.7 14268.8 13683.5 18912.3 23103.8 15140
threshold=274.16703355779902 -380.04849747614304 0 -180.94733880790019 -2.7594233222655302 1.1093887229509607
decision_type=2 2 1 2 2 2
left_child=1 -1 3 -3 -5 -6
right_child=-2 2 -4 4 5 -7
leaf_value=-0.19075420186563502 0.20797487404590809 0.17789989474683235 -0.03625493436039904 -0.081526394024428961 0.099743928961990122 -0.043654486632063276
leaf_weight=153 151 302 2200 707 994 410
leaf_count=153 151 302 2200 707 994 410
internal_value=0.000154948 -0.00685103 -0.000352064 0.032412 0.0110107 0.0578557
internal_weight=4917 4766 4613 2413 2111 1404
internal_count=4917 4766 4613 2413 2111 1404
cat_boundaries=0 1
cat_threshold=106
is_linear=0
shrinkage=0.02


Tree=78
num_leaves=7
num_cat=0
split_feature=5 4 9 1 8 4
split_gain=9649.34 13045.2 16660.3 33592.5 12654.1 9814.58
threshold=675.22514303868309 145.37996839228907 0.94863285565594879 137.96106516573226 -48.031732024199634 196.23342022654251
decision_type=2 2 2 2 2 2
left_child=1 -1 3 4 -3 -4
right_child=-2 2 5 -5 -6 -7
leaf_value=-0.025179285228404669 -0.1313223206974842 -0.096136250428816405 0.083167434550501809 0.35635796256826424 0.13129901982361999 -0.11560985784586303
leaf_weight=3709 260 181 153 167 191 247
leaf_count=3709 260 181 153 167 191 247
internal_value=-0.0150772 -0.00830673 0.057902 0.129516 0.0210185 -0.0394035
internal_weight=4908 4648 939 539 372 400
internal_count=4908 4648 939 539 372 400
is_linear=0
shrinkage=0.02


Tree=79
num_leaves=7
num_cat=2
split_feature=11 12 12 3 8 9
split_gain=13285.2 26509.5 23182.7 42508.2 30481.4 15925.8
threshold=2.5000000000000004 0 1 1.2101780203845447 -168.54941474577666 1.0451092392288261
decision_type=2 1 1 2 2 2
left_child=1 -1 3 4 5 -2
right_child=2 -3 -4 -5 -6 -7
leaf_value=-0.26746059979878217 0.39917694562425221 0.0010657914221393976 -0.009914952381824254 -0.11277153706713898 0.052397669648163635 0.1298635246718631
leaf_weight=184 230 536 3087 282 443 160
leaf_count=184 230 536 3087 282 443 160
internal_value=0.00484813 -0.0739307 0.0184901 0.0957587 0.16799 0.294698
internal_weight=4922 720 4202 1115 833 390
internal_count=4922 720 4202 1115 833 390
cat_boundaries=0 1 2
cat_threshold=40 40
is_linear=0
shrinkage=0.02


end of trees

feature_importances:
sym=49
prev_rng=48
rng_ratio=47
dist_hi20=44
gap=43
dow=43
atr20=38
prev_ret=35
r20=35
r5=33
vol5_20=30
month=21
gap_atr=14

parameters:
[boosting: gbdt]
[objective: regression]
[metric: l2]
[tree_learner: serial]
[device_type: cpu]
[data_sample_strategy: bagging]
[data: ]
[valid: ]
[num_iterations: 80]
[learning_rate: 0.02]
[num_leaves: 7]
[num_threads: 4]
[seed: 1]
[deterministic: 0]
[force_col_wise: 0]
[force_row_wise: 0]
[histogram_pool_size: -1]
[max_depth: -1]
[min_data_in_leaf: 150]
[min_sum_hessian_in_leaf: 0.001]
[bagging_fraction: 0.8]
[pos_bagging_fraction: 1]
[neg_bagging_fraction: 1]
[bagging_freq: 1]
[bagging_seed: 18467]
[bagging_by_query: 0]
[feature_fraction: 0.8]
[feature_fraction_bynode: 1]
[feature_fraction_seed: 26500]
[extra_trees: 0]
[extra_seed: 15724]
[early_stopping_round: 0]
[early_stopping_min_delta: 0]
[first_metric_only: 0]
[max_delta_step: 0]
[lambda_l1: 0]
[lambda_l2: 10]
[linear_lambda: 0]
[min_gain_to_split: 0]
[drop_rate: 0.1]
[max_drop: 50]
[skip_drop: 0.5]
[xgboost_dart_mode: 0]
[uniform_drop: 0]
[drop_seed: 6334]
[top_rate: 0.2]
[other_rate: 0.1]
[min_data_per_group: 100]
[max_cat_threshold: 32]
[cat_l2: 10]
[cat_smooth: 10]
[max_cat_to_onehot: 4]
[top_k: 20]
[monotone_constraints: ]
[monotone_constraints_method: basic]
[monotone_penalty: 0]
[feature_contri: ]
[forcedsplits_filename: ]
[refit_decay_rate: 0.9]
[cegb_tradeoff: 1]
[cegb_penalty_split: 0]
[cegb_penalty_feature_lazy: ]
[cegb_penalty_feature_coupled: ]
[path_smooth: 0]
[interaction_constraints: ]
[verbosity: -1]
[saved_feature_importance_type: 0]
[use_quantized_grad: 0]
[num_grad_quant_bins: 4]
[quant_train_renew_leaf: 0]
[stochastic_rounding: 1]
[linear_tree: 0]
[max_bin: 255]
[max_bin_by_feature: ]
[min_data_in_bin: 3]
[bin_construct_sample_cnt: 200000]
[data_random_seed: 41]
[is_enable_sparse: 1]
[enable_bundle: 1]
[use_missing: 1]
[zero_as_missing: 0]
[feature_pre_filter: 1]
[pre_partition: 0]
[two_round: 0]
[header: 0]
[label_column: ]
[weight_column: ]
[group_column: ]
[ignore_column: ]
[categorical_feature: 12]
[forcedbins_filename: ]
[precise_float_parser: 0]
[parser_config_file: ]
[objective_seed: 19169]
[num_class: 1]
[is_unbalance: 0]
[scale_pos_weight: 1]
[sigmoid: 1]
[boost_from_average: 1]
[reg_sqrt: 0]
[alpha: 0.9]
[fair_c: 1]
[poisson_max_delta_step: 0.7]
[tweedie_variance_power: 1.5]
[lambdarank_truncation_level: 30]
[lambdarank_norm: 1]
[label_gain: ]
[lambdarank_position_bias_regularization: 0]
[eval_at: ]
[multi_error_top_k: 1]
[auc_mu_weights: ]
[num_machines: 1]
[local_listen_port: 12400]
[time_out: 120]
[machine_list_filename: ]
[machines: ]
[gpu_platform_id: -1]
[gpu_device_id: -1]
[gpu_device_id_list: ]
[gpu_use_dp: 0]
[num_gpu: 1]

end of parameters

pandas_categorical:[["EURUSD", "GER40cash", "UK100cash", "US100cash", "US30cash", "US500cash", "XAUUSD"]]
