tree
version=v4
num_class=1
num_tree_per_iteration=1
label_index=0
max_feature_idx=12
objective=regression
feature_names=prev_ret prev_rng atr20 rng_ratio r5 r20 gap gap_atr dist_hi20 vol5_20 dow month sym
feature_infos=[-563.49722324484878:752.61459363990423] [13.11520799444922:742.15479661653126] [37.806811460335894:439.42660505756993] [0.13912091396140261:4.7314133801784202] [-1129.6872229288845:981.83640970814906] [-1723.8022909576323:1625.2501279894971] [-300.82790206094836:156.47233698153241] [-1.5436497118022536:1.2513908932620765] [-1693.135444306102:0] [0.11774680357589383:2.0233253768963362] [0:4] [1:12] -1:0:4:6:2:5:3:1
tree_sizes=724 748 774 778 765 774 766 764 760 783 770 762 780 758 770 758 754 779 756 786 775 746 753 759 773 755 769 777 777 770 765 748 776 766 755 780 771 765 768 773 751 772 772 759 774 776 751 749 778 760 754 758 759 782 756 785 741 760 746 755 763 772 782 752 775 782 781 763 766 778 767 770 785 773 758 759 762 764 769 777

Tree=0
num_leaves=7
num_cat=0
split_feature=10 2 5 8 0 8
split_gain=46959 42190.5 33041 27271.7 22110.3 15951.6
threshold=2.5000000000000004 167.10967085018305 -59.466176715997591 -720.73263489106751 69.634135473938287 -523.78882818309205
decision_type=2 2 2 2 2 2
left_child=3 4 -3 -1 -2 -5
right_child=1 2 -4 5 -6 -7
leaf_value=1.6143805322674241 1.4301915461160868 1.8436079547394666 1.4815697660999592 1.2055091953720161 1.6251716027579071 1.3852251402112277
leaf_weight=188 1300 231 177 206 273 2569
leaf_count=188 1300 231 177 206 273 2569
internal_value=1.43734 1.51253 1.69115 1.38702 1.46495 1.37107
internal_weight=4944 1981 408 2963 1573 2775
internal_count=4944 1981 408 2963 1573 2775
is_linear=0
shrinkage=1


Tree=1
num_leaves=7
num_cat=0
split_feature=2 8 3 5 1 7
split_gain=40391.6 46749.4 48491.5 78559.5 45991.8 52671.9
threshold=141.38210041914419 -168.54941474577666 1.1479691490655346 -386.91659861881436 209.66695380095641 0.032520421191418555
decision_type=2 2 2 2 2 2
left_child=-1 2 4 -4 5 -2
right_child=1 -3 3 -5 -6 -7
leaf_value=-0.033125621409425626 0.045429969244123847 -0.068023803901078511 -0.2877888832986355 0.24918660283088684 0.54856475237644076 0.45033247068524362
leaf_weight=3230 435 532 206 210 155 174
leaf_count=3230 435 532 206 210 155 174
internal_value=0.00849221 0.0867482 0.156512 -0.0172332 0.250117 0.166523
internal_weight=4942 1712 1180 416 764 609
internal_count=4942 1712 1180 416 764 609
is_linear=0
shrinkage=0.02


Tree=2
num_leaves=7
num_cat=1
split_feature=10 12 0 5 6 6
split_gain=45391.1 43858.5 41274.4 53413.9 26003.5 16579.8
threshold=1.0000000180025095e-35 0 -98.894672837441234 -97.148035506119328 1.3824330023370914 -5.115802284582637
decision_type=2 1 2 2 2 2
left_child=-1 2 -2 4 -4 -5
right_child=1 -3 3 5 -6 -7
leaf_value=-0.1133829203519751 -0.10407380581487342 -0.030715430366880507 0.1553631428589195 -0.070392550035759255 0.44696427283515205 0.10573182355607269
leaf_weight=925 321 1822 251 260 263 1055
leaf_count=925 321 1822 251 260 263 1055
internal_value=0.0120502 0.0414724 0.102176 0.139298 0.31025 0.0706403
internal_weight=4897 3972 2150 1829 514 1315
internal_count=4897 3972 2150 1829 514 1315
cat_boundaries=0 1
cat_threshold=106
is_linear=0
shrinkage=0.02


Tree=3
num_leaves=7
num_cat=1
split_feature=8 11 12 3 8 1
split_gain=35574.4 46851.4 51261.4 88598.4 14172.2 11312.9
threshold=-222.86781093618256 2.5000000000000004 0 1.1736216732552625 -45.976471342646924 232.10980190143655
decision_type=2 2 1 2 2 2
left_child=1 -1 3 -3 -2 -4
right_child=4 2 5 -5 -6 -7
leaf_value=-0.18475259888216142 -0.075354387922653518 0.49614699079378233 0.052417102068779364 -0.022453541782328754 0.0234041366916059 -0.11395879146940421
leaf_weight=261 2013 286 1139 236 810 181
leaf_count=261 2013 286 1139 236 810 181
internal_value=-0.000713418 0.0613957 0.0970826 0.260767 -0.0470351 0.0287023
internal_weight=4926 2103 1842 522 2823 1320
internal_count=4926 2103 1842 522 2823 1320
cat_boundaries=0 1
cat_threshold=40
is_linear=0
shrinkage=0.02


Tree=4
num_leaves=7
num_cat=1
split_feature=5 12 9 3 1 1
split_gain=27511.5 32359.4 28426.9 54984.2 49122 21279.4
threshold=-51.562276245014075 0 1.1797145288870692 1.1434497594957245 136.17690539988209 121.27472029799692
decision_type=2 1 2 2 2 2
left_child=1 5 3 4 -3 -1
right_child=-2 2 -4 -5 -6 -7
leaf_value=0.024885278204373553 -0.033083781932441964 0.00086908386015530786 0.26405723557098593 -0.20109993628273576 0.37940985800822574 -0.22590668512373857
leaf_weight=442 3097 320 392 226 230 184
leaf_count=442 3097 320 392 226 230 184
internal_value=0.00299276 0.0651102 0.126293 0.0558341 0.163116 -0.05043
internal_weight=4891 1794 1168 776 550 626
internal_count=4891 1794 1168 776 550 626
cat_boundaries=0 1
cat_threshold=17
is_linear=0
shrinkage=0.02


Tree=5
num_leaves=7
num_cat=1
split_feature=10 12 8 4 3 0
split_gain=48193.8 51870.8 41378.7 31540.9 27965 32676.3
threshold=2.5000000000000004 0 -234.37346391034782 -91.319985432635733 1.0938348219004441 -62.498615838170728
decision_type=2 1 2 2 2 2
left_child=4 2 3 -2 5 -1
right_child=1 -3 -4 -5 -6 -7
leaf_value=0.25107834713403571 0.17323609147753036 -0.010697434212150456 0.060251966781736839 0.55763064982623034 -0.14350008728214275 -0.037194395673130924
leaf_weight=162 200 1216 410 159 963 1831
leaf_count=162 200 1216 410 159 963 1831
internal_value=-0.00448637 0.0715303 0.197624 0.353981 -0.0556018 -0.0126258
internal_weight=4941 1985 769 359 2956 1993
internal_count=4941 1985 769 359 2956 1993
cat_boundaries=0 1
cat_threshold=42
is_linear=0
shrinkage=0.02


Tree=6
num_leaves=7
num_cat=1
split_feature=3 8 12 0 9 9
split_gain=36700 48009.6 45810.3 36888.6 54483 25455.8
threshold=1.9798730149403896 -234.37346391034782 0 -101.38379049103806 1.21578914254533 1.0451092392288261
decision_type=2 2 1 2 2 2
left_child=1 2 3 -1 5 -5
right_child=-2 -3 -4 4 -6 -7
leaf_value=-0.027269233475800514 -0.29911199202020483 -0.047615466136944465 -0.025586901451487089 0.21728742860478931 0.5126351629534075 -0.082016275701699434
leaf_weight=271 156 2911 873 394 207 152
leaf_count=271 156 2911 873 394 207 152
internal_value=-0.00673699 0.00335051 0.0813988 0.170572 0.243433 0.133988
internal_weight=4964 4808 1897 1024 753 546
internal_count=4964 4808 1897 1024 753 546
cat_boundaries=0 1
cat_threshold=46
is_linear=0
shrinkage=0.02


Tree=7
num_leaves=7
num_cat=1
split_feature=8 11 12 3 1 6
split_gain=43036.4 36867.7 52024.9 51702 37224.5 23870.6
threshold=-195.40574043046431 2.5000000000000004 0 1.1632974481624323 164.25335479857725 4.801312380062762
decision_type=2 2 1 2 2 2
left_child=1 -1 3 4 -3 -5
right_child=-2 2 -4 5 -6 -7
leaf_value=-0.13406383790717219 -0.045201713183780308 0.18293347987722844 0.016459481670858457 0.17926021405495704 0.53612295943148003 -0.15165547662600876
leaf_weight=292 2643 272 1184 182 228 150
leaf_count=292 2643 272 1184 182 228 150
internal_value=0.00982612 0.0727642 0.103235 0.222227 0.351342 0.0296874
internal_weight=4951 2308 2016 832 500 332
internal_count=4951 2308 2016 832 500 332
cat_boundaries=0 1
cat_threshold=42
is_linear=0
shrinkage=0.02


Tree=8
num_leaves=7
num_cat=2
split_feature=1 8 12 5 7 12
split_gain=35456.8 36510.4 32468.1 20364.5 20741.1 17742
threshold=296.07987626020054 -258.61837369783581 0 -29.124591350830894 -0.017979616644766754 1
decision_type=2 2 1 2 2 1
left_child=1 2 3 4 -1 -3
right_child=-2 5 -4 -5 -6 -7
leaf_value=0.31528402661684879 -0.23342409863352775 -0.13913614531053356 0.016336070990781621 0.40269330276548865 0.030787936851731115 -0.0078221226547050843
leaf_weight=151 240 469 959 150 289 2636
leaf_count=151 240 469 959 150 289 2636
internal_value=-0.00138232 0.0110586 0.0900515 0.20393 0.133258 -0.0285114
internal_weight=4894 4654 1549 590 440 3105
internal_count=4894 4654 1549 590 440 3105
cat_boundaries=0 1 2
cat_threshold=44 4
is_linear=0
shrinkage=0.02


Tree=9
num_leaves=7
num_cat=1
split_feature=2 4 4 6 12 7
split_gain=29988.3 29112.3 39129.3 24097 27519.6 16577.8
threshold=274.16703355779902 -380.04849747614304 -275.46283442351211 -5.1839435810313574 0 0.074889923672478487
decision_type=2 2 2 2 1 2
left_child=1 -1 -3 -4 5 -5
right_child=-2 2 3 4 -6 -7
leaf_value=-0.26741178711503744 0.27047450526210365 0.2799120705163301 -0.10044523720512556 0.095679094864688549 -0.039042776726399331 -0.079649157147588467
leaf_weight=150 157 191 850 1573 1746 242
leaf_count=150 157 191 850 1573 1746 242
internal_value=0.00705462 -0.00219815 0.00700744 -0.00541598 0.017485 0.0716013
internal_weight=4909 4752 4602 4411 3561 1815
internal_count=4909 4752 4602 4411 3561 1815
cat_boundaries=0 1
cat_threshold=106
is_linear=0
shrinkage=0.02


Tree=10
num_leaves=7
num_cat=1
split_feature=10 8 12 0 4 7
split_gain=42028 38430.7 42759.2 41619.3 33075.8 19883.8
threshold=2.5000000000000004 -255.99382324609451 0 -85.16809111589528 61.701748934931999 -0.031995728423503865
decision_type=2 2 1 2 2 2
left_child=5 2 -2 -4 -3 -1
right_child=1 4 3 -5 -6 -7
leaf_value=-0.12801059120666172 0.0074121731247220723 -0.1046208395096991 0.044034969290718443 0.457579966563603 0.10462748959302902 -0.012251694464165004
leaf_weight=816 330 575 150 280 615 2118
leaf_count=816 330 575 150 280 615 2118
internal_value=0.0030075 0.0747587 0.184855 0.310542 0.00349082 -0.0447719
internal_weight=4884 1950 760 430 1190 2934
internal_count=4884 1950 760 430 1190 2934
cat_boundaries=0 1
cat_threshold=81
is_linear=0
shrinkage=0.02


Tree=11
num_leaves=7
num_cat=2
split_feature=2 0 12 8 12 5
split_gain=31839.9 26646.6 29809.2 24981 32172 19546.1
threshold=225.57828146269284 -91.018788788481118 0 -234.37346391034782 1 -167.30613074350461
decision_type=2 2 1 2 1 2
left_child=1 2 -1 4 -3 -4
right_child=-2 3 5 -5 -6 -7
leaf_value=0.076745517324593115 0.16625058277634569 0.28125369700562042 -0.41149271172190299 -0.029779518429847877 0.027084560753199802 -0.10443333919447755
leaf_weight=157 424 229 159 2753 1047 181
leaf_count=157 424 229 159 2753 1047 181
internal_value=0.00260046 -0.0130632 -0.149714 0.00412245 0.0769295 -0.248581
internal_weight=4950 4526 497 4029 1276 340
internal_count=4950 4526 497 4029 1276 340
cat_boundaries=0 1 2
cat_threshold=68 40
is_linear=0
shrinkage=0.02


Tree=12
num_leaves=7
num_cat=1
split_feature=12 10 5 8 3 11
split_gain=27028.4 26409.5 20312.1 29892.5 19577.1 24499.8
threshold=0 2.5000000000000004 182.93980686142643 -50.632510313342586 1.2820207760426983 2.5000000000000004
decision_type=1 2 2 2 2 2
left_child=1 4 -3 -4 5 -1
right_child=-2 2 3 -5 -6 -7
leaf_value=-0.17673084690593757 -0.053386631545000694 0.19384836040610492 -0.089928996081330953 0.23686112612485885 -0.15624671230386747 0.060317789197917464
leaf_weight=198 2270 592 326 158 294 1073
leaf_count=198 2270 592 326 158 294 1073
internal_value=-0.00303129 0.0403376 0.116274 0.0193857 -0.0120221 0.0222983
internal_weight=4911 2641 1076 484 1565 1271
internal_count=4911 2641 1076 484 1565 1271
cat_boundaries=0 1
cat_threshold=106
is_linear=0
shrinkage=0.02


Tree=13
num_leaves=7
num_cat=0
split_feature=2 1 4 0 6 2
split_gain=36735.2 36158.8 48536.1 35378.2 23169.4 61081.5
threshold=274.16703355779902 296.07987626020054 -228.33107461018682 -47.881235155776132 -5.1839435810313574 206.91974052081409
decision_type=2 2 2 2 2 2
left_child=1 2 3 -1 -4 -6
right_child=-2 -3 4 -5 5 -7
leaf_value=0.032999357659861728 0.30356700748390292 -0.27032881835026618 -0.10663323430597138 0.41343931766371655 -0.0079695650890423773 0.38762252453987195
leaf_weight=202 151 185 823 183 3245 154
leaf_count=202 151 185 823 183 3245 154
internal_value=0.00641096 -0.00356535 0.00770919 0.219721 -0.0120974 0.0110382
internal_weight=4943 4792 4607 385 4222 3399
internal_count=4943 4792 4607 385 4222 3399
is_linear=0
shrinkage=0.02


Tree=14
num_leaves=7
num_cat=1
split_feature=12 3 3 6 5 1
split_gain=41323.1 86389.8 30341.2 13487 16247.1 47137.7
threshold=0 1.0766524418514309 0.79437945945021726 -13.617299286924343 -564.85876902731491 205.39917248743214
decision_type=1 2 2 2 2 2
left_child=1 2 -1 -2 -5 -6
right_child=3 -3 -4 4 5 -7
leaf_value=0.15091664236952673 -0.15678871528932664 -0.13507570025095572 0.50799919398253779 -0.19952272419640096 -0.022882669395956273 0.2260690205043053
leaf_weight=202 257 250 193 163 3511 323
leaf_count=202 257 250 193 163 3511 323
internal_value=0.00373387 0.150374 0.333625 -0.0191083 -0.0099342 -0.00137588
internal_weight=4899 645 395 4254 3997 3834
internal_count=4899 645 395 4254 3997 3834
cat_boundaries=0 1
cat_threshold=8
is_linear=0
shrinkage=0.02


Tree=15
num_leaves=7
num_cat=0
split_feature=10 2 7 6 6 0
split_gain=43922.9 29307.6 24763.4 29890.2 18823.5 17142.1
threshold=2.5000000000000004 168.28330331869492 0.13273668291836749 -5.1839435810313574 2.6189490302075407 87.517757009868419
decision_type=2 2 2 2 2 2
left_child=2 5 3 -1 -3 -2
right_child=1 4 -4 -5 -6 -7
leaf_value=-0.15746215671398284 0.0072492952269564608 0.10508419765008462 -0.27902500679547138 0.00087299898621295727 0.3839010018145132 0.19961435479677725
leaf_weight=602 1388 249 166 2160 161 204
leaf_count=602 1388 249 166 2160 161 204
internal_value=0.000432193 0.0724234 -0.0488703 -0.034081 0.221104 0.0329913
internal_weight=4930 2002 2928 2762 410 1592
internal_count=4930 2002 2928 2762 410 1592
is_linear=0
shrinkage=0.02


Tree=16
num_leaves=7
num_cat=0
split_feature=2 1 8 2 2 9
split_gain=34575.9 42485.1 32068.5 23238.5 21148.5 16546.3
threshold=274.16703355779902 296.07987626020054 -232.04066793985785 144.40723156028096 192.97099247648563 1.279907282108588
decision_type=2 2 2 2 2 2
left_child=1 2 3 5 -5 -1
right_child=-2 -3 -4 4 -6 -7
leaf_value=-0.032463532793417314 0.28999310191743866 -0.29483562261769264 -0.036235602676607206 0.25056162644336577 0.028745468319439499 0.16074277421917046
leaf_weight=788 151 188 2892 412 295 218
leaf_count=788 151 188 2892 412 295 218
internal_value=0.00169632 -0.00797113 0.00435365 0.0726917 0.159699 0.0105743
internal_weight=4944 4793 4605 1713 707 1006
internal_count=4944 4793 4605 1713 707 1006
is_linear=0
shrinkage=0.02


Tree=17
num_leaves=7
num_cat=1
split_feature=10 8 12 4 1 4
split_gain=34793.5 33083.5 35944.1 38838.1 22832.6 28616.9
threshold=2.5000000000000004 -255.99382324609451 0 -72.135592574720789 273.51334075820108 -240.09375346125623
decision_type=2 2 1 2 2 2
left_child=4 2 3 -2 5 -1
right_child=1 -3 -4 -5 -6 -7
leaf_value=0.18774930505191578 0.11306852052618678 -0.011556054733634233 -0.00058528790331405147 0.50390365121114322 -0.26484356687924804 -0.058630002063355641
leaf_weight=194 250 1245 348 171 185 2531
leaf_count=194 250 1245 348 171 185 2531
internal_value=-0.0114383 0.0523153 0.154543 0.273479 -0.0555899 -0.0404673
internal_weight=4924 2014 769 421 2910 2725
internal_count=4924 2014 769 421 2910 2725
cat_boundaries=0 1
cat_threshold=46
is_linear=0
shrinkage=0.02


Tree=18
num_leaves=7
num_cat=0
split_feature=1 10 8 2 4 5
split_gain=45610.9 19808.6 25212.7 22439.4 19658.3 17597.3
threshold=338.63511084158785 2.5000000000000004 -720.73263489106751 167.10967085018305 -27.303027474747083 9.421228072281103
decision_type=2 2 2 2 2 2
left_child=1 2 -1 4 -3 -5
right_child=-2 3 -4 5 -6 -7
leaf_value=0.21340696518159946 -0.33114343811979607 -0.06546786293598611 -0.043517266235907279 0.32063534408659489 0.077685827222392811 0.033550411221439855
leaf_weight=152 158 625 2715 191 961 153
leaf_count=152 158 625 2715 191 961 153
internal_value=-0.00722406 0.00411164 -0.0292015 0.0534934 0.0212161 0.197504
internal_weight=4955 4797 2867 1930 1586 344
internal_count=4955 4797 2867 1930 1586 344
is_linear=0
shrinkage=0.02


Tree=19
num_leaves=7
num_cat=1
split_feature=1 8 10 12 0 5
split_gain=35230.7 42824.5 31217.5 20819.1 26951.2 35205.7
threshold=330.81011520885687 -720.73263489106751 1.0000000180025095e-35 0 -81.054042075490159 76.637981962925849
decision_type=2 2 2 1 2 2
left_child=1 -1 -3 4 -4 -6
right_child=-2 2 3 -5 5 -7
leaf_value=0.26790960957014814 -0.28428240302630836 -0.11755541686168672 -0.114156856523732 -0.032669921869393458 0.21490380014269808 0.022085087892572276
leaf_weight=225 165 849 285 1782 595 1020
leaf_count=225 165 849 285 1782 595 1020
internal_value=-0.00558787 0.00465708 -0.00897669 0.0163101 0.0620251 0.0940089
internal_weight=4921 4756 4531 3682 1900 1615
internal_count=4921 4756 4531 3682 1900 1615
cat_boundaries=0 1
cat_threshold=106
is_linear=0
shrinkage=0.02


Tree=20
num_leaves=7
num_cat=1
split_feature=1 2 8 12 7 7
split_gain=27026.7 37640.7 33087.2 32161.5 22631.5 25927.7
threshold=320.12892917304367 126.93595767828414 -168.54941474577666 0 0.031849404228155936 -0.012900658446549427
decision_type=2 2 2 1 2 2
left_child=1 -1 3 4 5 -3
right_child=-2 2 -4 -5 -6 -7
leaf_value=-0.044134150282020335 -0.22812080801679538 0.2897710457131199 -0.034251426176403546 0.035442483687317457 0.40849766399379073 -0.034961180113457349
leaf_weight=2706 198 209 769 695 203 175
leaf_count=2706 198 209 769 695 203 175
internal_value=-0.00496595 0.00478146 0.0692196 0.131071 0.237236 0.14465
internal_weight=4955 4757 2051 1282 587 384
internal_count=4955 4757 2051 1282 587 384
cat_boundaries=0 1
cat_threshold=14
is_linear=0
shrinkage=0.02


Tree=21
num_leaves=7
num_cat=0
split_feature=1 8 2 9 9 2
split_gain=34048.1 39082.4 23648.9 49252 34183.1 33365.1
threshold=320.12892917304367 -234.37346391034782 141.38210041914419 0.85122610611134375 1.21578914254533 189.80239735317585
decision_type=2 2 2 2 2 2
left_child=1 2 4 -4 -1 -5
right_child=-2 -3 3 5 -6 -7
leaf_value=-0.068068523453000712 -0.25490914141615995 -0.038646568054680794 0.36581489894170405 0.18276544275642173 0.18882863375114514 -0.11688586461282995
leaf_weight=670 198 2933 283 316 288 264
leaf_count=670 198 2933 283 316 288 264
internal_value=-0.00444076 0.00650421 0.0790404 0.15434 0.0103144 0.0467031
internal_weight=4952 4754 1821 863 958 580
internal_count=4952 4754 1821 863 958 580
is_linear=0
shrinkage=0.02


Tree=22
num_leaves=7
num_cat=0
split_feature=10 1 4 4 8 3
split_gain=32660.2 36530.8 32787.3 23333.5 16463.4 36895.4
threshold=2.5000000000000004 283.34490742157817 145.37996839228907 -247.05608522344372 -253.33918051192558 1.449428445908435
decision_type=2 2 2 2 2 2
left_child=1 3 4 -1 5 -2
right_child=2 -3 -4 -5 -6 -7
leaf_value=0.17425611695417992 0.16894082595293339 -0.33365483773606164 0.20630781053127295 -0.04597918904587895 -0.043314223421720775 -0.17760971756812968
leaf_weight=198 510 158 447 2593 878 152
leaf_count=198 510 158 447 2593 878 152
internal_value=-0.004973 -0.0471418 0.0575343 -0.0297888 0.013299 0.0879114
internal_weight=4936 2949 1987 2791 1540 662
internal_count=4936 2949 1987 2791 1540 662
is_linear=0
shrinkage=0.02


Tree=23
num_leaves=7
num_cat=0
split_feature=10 6 8 5 2 9
split_gain=30198.4 31524.4 32606.9 21572.3 27203.8 24547.6
threshold=1.0000000180025095e-35 -12.47514665824456 -255.99382324609451 -624.80538734771301 141.38210041914419 1.1655264561901462
decision_type=2 2 2 2 2 2
left_child=-1 -2 3 -3 5 -5
right_child=1 2 -4 4 -6 -7
leaf_value=-0.11190632033264855 -0.21988323219360845 -0.11030757765453983 -0.016306128307998206 -0.046658029670898736 0.23320329668057949 0.21039779151969573
leaf_weight=921 207 156 2407 419 572 218
leaf_count=921 207 156 2407 419 572 218
internal_value=-0.00935717 0.0146004 0.0280158 0.105722 0.134273 0.0432062
internal_weight=4900 3979 3772 1365 1209 637
internal_count=4900 3979 3772 1365 1209 637
is_linear=0
shrinkage=0.02


Tree=24
num_leaves=7
num_cat=1
split_feature=12 3 7 5 7 7
split_gain=21447 43268.5 47874 47003.6 16612 15344.5
threshold=0 1.0766524418514309 0.067022903073888154 -301.19483005336173 -0.026599431282051694 -0.031995728423503865
decision_type=1 2 2 2 2 2
left_child=1 3 5 -1 -5 -3
right_child=-2 2 -4 4 -6 -7
leaf_value=0.38518206868109228 -0.029988426975050997 -0.1345128564660748 -0.37082192741936043 -0.06571570471196192 0.11349116015260448 0.078806284220995879
leaf_weight=219 2856 182 151 269 813 444
leaf_count=219 2856 182 151 269 813 444
internal_value=0.00551735 0.0541108 -0.0632157 0.124543 0.0687441 0.0156471
internal_weight=4934 2078 777 1301 1082 626
internal_count=4934 2078 777 1301 1082 626
cat_boundaries=0 1
cat_threshold=104
is_linear=0
shrinkage=0.02


Tree=25
num_leaves=7
num_cat=0
split_feature=8 3 0 1 3 9
split_gain=27803.3 33441.6 28167.4 23301.7 49248.8 21523.9
threshold=-203.65795204364875 1.449428445908435 -91.018788788481118 209.66695380095641 1.1479691490655346 1.2034330978044514
decision_type=2 2 2 2 2 2
left_child=1 3 -3 5 -5 -1
right_child=-2 2 -4 4 -6 -7
leaf_value=0.016527441602282492 -0.042958888161732503 -0.22594798189889495 0.094332377259197145 0.48693297493748544 -0.012819553695110061 0.20005530269589364
leaf_weight=1168 2732 271 173 154 151 318
leaf_count=1168 2732 271 173 154 151 318
internal_value=-0.000229316 0.0519608 -0.101825 0.0904389 0.246962 0.0568766
internal_weight=4967 2235 444 1791 305 1486
internal_count=4967 2235 444 1791 305 1486
is_linear=0
shrinkage=0.02


Tree=26
num_leaves=7
num_cat=1
split_feature=10 0 6 12 8 7
split_gain=41228 28293 52914.1 41782.1 40749.1 24733.8
threshold=2.5000000000000004 -85.16809111589528 5.3749775049927182 0 -234.37346391034782 0.13273668291836749
decision_type=2 2 2 1 2 2
left_child=5 -2 3 4 -3 -1
right_child=1 2 -4 -5 -6 -7
leaf_value=-0.030950478308373403 -0.10294884485298697 0.38048347029645563 0.3675577940543493 -0.050960910421289855 0.058398803365737328 -0.27110635840013381
leaf_weight=2824 306 226 248 725 484 173
leaf_count=2824 306 226 248 725 484 173
internal_value=0.00113074 0.0715234 0.103666 0.055832 0.162525 -0.0456688
internal_weight=4986 1989 1683 1435 710 2997
internal_count=4986 1989 1683 1435 710 2997
cat_boundaries=0 1
cat_threshold=58
is_linear=0
shrinkage=0.02


Tree=27
num_leaves=7
num_cat=1
split_feature=1 8 12 11 0 6
split_gain=37445.6 34170.7 44424.1 18206.4 17224.7 14547.6
threshold=296.07987626020054 -255.99382324609451 0 7.5000000000000009 -52.308805458137755 -4.8554012538115634
decision_type=2 2 1 2 2 2
left_child=1 2 3 -1 -3 -6
right_child=-2 4 -4 -5 5 -7
leaf_value=0.33453391674402594 -0.23672124415408566 -0.14940095641165616 0.00051084896576563863 0.108754679221826 -0.10064613765523885 0.013288899391848789
leaf_weight=286 252 407 981 304 560 2091
leaf_count=286 252 407 981 304 560 2091
internal_value=-0.00410696 0.00903942 0.0845556 0.218313 -0.029905 -0.0110666
internal_weight=4881 4629 1571 590 3058 2651
internal_count=4881 4629 1571 590 3058 2651
cat_boundaries=0 1
cat_threshold=44
is_linear=0
shrinkage=0.02


Tree=28
num_leaves=7
num_cat=1
split_feature=10 2 6 0 5 12
split_gain=30598.4 36465.3 36139 18306.1 15134.5 18218.3
threshold=2.5000000000000004 167.10967085018305 2.5457617829593997 63.116586634813793 696.21752904235802 0
decision_type=2 2 2 2 2 1
left_child=4 3 -3 -2 5 -1
right_child=1 2 -4 -5 -6 -7
leaf_value=0.017996864782325154 -0.032351543042174358 0.061104453508670512 0.44754005131373875 0.13608762282901016 -0.24228236183798388 -0.08566859294333895
leaf_weight=1140 1229 250 152 316 153 1643
leaf_count=1140 1229 250 152 316 153 1643
internal_value=-0.0139818 0.0473529 0.214536 0.00275306 -0.0546784 -0.043534
internal_weight=4883 1947 402 1545 2936 2783
internal_count=4883 1947 402 1545 2936 2783
cat_boundaries=0 1
cat_threshold=104
is_linear=0
shrinkage=0.02


Tree=29
num_leaves=7
num_cat=1
split_feature=12 3 8 6 10 2
split_gain=35693.1 75906.7 52743.8 16587.8 22831.1 36654.7
threshold=0 1.0668878947819711 -163.24353657542142 -12.47514665824456 2.5000000000000004 168.28330331869492
decision_type=1 2 2 2 2 2
left_child=1 2 -1 -2 -5 -6
right_child=3 -3 -4 4 5 -7
leaf_value=0.51675875613465905 -0.16116384763060218 -0.12776911859328929 0.05367010573023244 -0.04688622774684683 0.011593605800149381 0.28285054574452756
leaf_weight=214 291 250 180 2340 1383 223
leaf_count=214 291 250 180 2340 1383 223
internal_value=0.00329021 0.139656 0.311761 -0.018003 -0.00711036 0.050776
internal_weight=4881 644 394 4237 3946 1606
internal_count=4881 644 394 4237 3946 1606
cat_boundaries=0 1
cat_threshold=8
is_linear=0
shrinkage=0.02


Tree=30
num_leaves=7
num_cat=1
split_feature=12 2 9 8 8 6
split_gain=25316.5 23820 20743.2 35834.1 19572.5 19758
threshold=0 124.48452720781411 1.0262351151910221 -488.53133061219074 -557.71485997703815 -4.8554012538115634
decision_type=1 2 2 2 2 2
left_child=1 -1 4 -4 -3 -6
right_child=-2 2 3 -5 5 -7
leaf_value=-0.034875044837176898 -0.029000884077601909 0.37962761697209912 -0.17125353530697202 0.15917874815417271 -0.052793001862035858 0.20084466172942836
leaf_weight=633 3006 152 220 296 170 402
leaf_count=633 3006 152 220 296 170 402
internal_value=0.00693066 0.0642581 0.115252 0.0177194 0.183576 0.125851
internal_weight=4879 1873 1240 516 724 572
internal_count=4879 1873 1240 516 724 572
cat_boundaries=0 1
cat_threshold=42
is_linear=0
shrinkage=0.02


Tree=31
num_leaves=7
num_cat=0
split_feature=10 1 4 2 0 9
split_gain=33260.8 28289 32417.6 26771.3 30829.2 55115
threshold=2.5000000000000004 232.10980190143655 -247.05608522344372 106.14461673832129 -85.16809111589528 1.249212041783289
decision_type=2 2 2 2 2 2
left_child=1 2 -1 -2 -5 -6
right_child=3 -3 -4 4 5 -7
leaf_value=0.2486216796044062 -0.033614941802698563 -0.21793496572011767 -0.037613927538851843 -0.077596447748900482 0.092424536387793951 0.45713541860215401
leaf_weight=159 719 313 2494 253 841 199
leaf_count=159 719 313 2494 253 841 199
internal_value=0.00134728 -0.0411832 -0.01959 0.0639374 0.118025 0.1659
internal_weight=4978 2966 2653 2012 1293 1040
internal_count=4978 2966 2653 2012 1293 1040
is_linear=0
shrinkage=0.02


Tree=32
num_leaves=7
num_cat=1
split_feature=10 0 12 4 9 1
split_gain=21954.1 27248.1 43733.2 46909.7 28639.5 23934.4
threshold=1.0000000180025095e-35 -98.894672837441234 0 -177.43729059122521 1.0295109035829686 199.60039464716991
decision_type=2 2 1 2 2 2
left_child=-1 4 3 -3 -2 -5
right_child=1 2 -4 5 -6 -7
leaf_value=-0.085679073981385925 0.076994526593872681 0.42933232887927952 -0.013885467124993601 0.041480454661643379 -0.24963378013670443 0.28414549133499262
leaf_weight=930 168 173 2247 960 270 187
leaf_count=930 168 173 2247 960 270 187
internal_value=0.0013289 0.0216961 0.0400621 0.130433 -0.12543 0.083157
internal_weight=4935 4005 3567 1320 438 1147
internal_count=4935 4005 3567 1320 438 1147
cat_boundaries=0 1
cat_threshold=42
is_linear=0
shrinkage=0.02


Tree=33
num_leaves=7
num_cat=1
split_feature=12 3 8 0 9 2
split_gain=19954.7 33854 35404.6 29003.6 20826.5 17835
threshold=0 1.2101780203845447 -255.99382324609451 98.926110288357634 0.9599319651737287 149.81860470209924
decision_type=1 2 2 2 2 2
left_child=1 2 4 5 -1 -3
right_child=-2 3 -4 -5 -6 -7
leaf_value=0.37390941632663743 -0.033778764138069836 -0.058681879677423616 0.024648328425130383 0.12825636825970643 0.10892563331818235 -0.34635000170013053
leaf_weight=223 3020 195 904 159 266 152
leaf_count=223 3020 195 904 159 266 152
internal_value=-0.00191472 0.0485929 0.0995816 -0.0900449 0.234838 -0.190864
internal_weight=4919 1899 1393 506 489 347
internal_count=4919 1899 1393 506 489 347
cat_boundaries=0 1
cat_threshold=42
is_linear=0
shrinkage=0.02


Tree=34
num_leaves=7
num_cat=0
split_feature=10 2 0 6 9 11
split_gain=21665.6 18714.2 17797.2 44030.9 35620.7 17713.2
threshold=2.5000000000000004 118.83212177867456 -85.16809111589528 5.3749775049927182 1.1220632499396714 2.5000000000000004
decision_type=2 2 2 2 2 2
left_child=5 -2 -3 4 -4 -1
right_child=1 2 3 -5 -6 -7
leaf_value=-0.14805985068751465 -0.0096960618205909101 -0.047985421384857826 -0.0038423026015582643 0.44203529871211333 0.3214259118398467 -0.0093956976546611219
leaf_weight=422 941 216 517 160 172 2518
leaf_count=422 941 216 517 160 172 2518
internal_value=0.00481049 0.0553348 0.11235 0.153225 0.0807935 -0.0297336
internal_weight=4946 2006 1065 849 689 2940
internal_count=4946 2006 1065 849 689 2940
is_linear=0
shrinkage=0.02


Tree=35
num_leaves=7
num_cat=1
split_feature=7 8 4 6 12 0
split_gain=23620.1 29122.5 33327.1 24951.9 32129.1 57583.7
threshold=0.13273668291836749 -196.85572030209815 158.74235436878558 -10.177353457009874 0 -79.448805993543857
decision_type=2 2 2 2 1 2
left_child=1 2 3 -1 5 -5
right_child=-2 -3 -4 4 -6 -7
leaf_value=-0.16285718481791647 -0.20817255953947705 -0.038332394516027601 0.29051873275164991 -0.083380884462317756 0.0089545427085845897 0.38788652537948026
leaf_weight=218 203 2568 217 162 1298 264
leaf_count=218 203 2568 217 162 1298 264
internal_value=-0.00214653 0.00712199 0.0611147 0.034124 0.0598278 0.206142
internal_weight=4930 4727 2159 1942 1724 426
internal_count=4930 4727 2159 1942 1724 426
cat_boundaries=0 1
cat_threshold=40
is_linear=0
shrinkage=0.02


Tree=36
num_leaves=7
num_cat=2
split_feature=12 5 0 8 10 12
split_gain=26477.6 38094.6 20161.2 29185.2 31078.7 24092.3
threshold=0 646.79615043119884 -101.38379049103806 -720.73263489106751 1.0000000180025095e-35 1
decision_type=1 2 2 2 2 1
left_child=1 2 5 -4 -5 -1
right_child=-2 -3 3 4 -6 -7
leaf_value=0.11030768579008889 -0.0576420781987763 -0.19352831037325552 0.33607548074862537 -0.11283751347449406 0.098938174611569674 -0.19990920625969957
leaf_weight=157 2238 253 160 328 1557 219
leaf_count=157 2238 253 160 328 1557 219
internal_value=-0.00716736 0.0352183 0.0599655 0.0846861 0.0616871 -0.0731965
internal_weight=4912 2674 2421 2045 1885 376
internal_count=4912 2674 2421 2045 1885 376
cat_boundaries=0 1 2
cat_threshold=106 66
is_linear=0
shrinkage=0.02


Tree=37
num_leaves=7
num_cat=0
split_feature=10 2 10 1 4 7
split_gain=29314.9 38236.2 29139.8 19238.4 23439.2 16270.8
threshold=2.5000000000000004 167.10967085018305 3.5000000000000004 232.10980190143655 -233.84145066936421 -0.011295327580297615
decision_type=2 2 2 2 2 2
left_child=3 -2 -3 4 -1 -6
right_child=1 2 -4 -5 5 -7
leaf_value=0.20592500818126344 0.015149809670706478 0.059017133471053862 0.39677625878368106 -0.18647520106861645 -0.095975827083336351 0.0082395339549318353
leaf_weight=160 1583 207 200 307 1049 1377
leaf_count=160 1583 207 200 307 1049 1377
internal_value=0.00121558 0.0601317 0.230527 -0.0393784 -0.0212646 -0.0370321
internal_weight=4883 1990 407 2893 2586 2426
internal_count=4883 1990 407 2893 2586 2426
is_linear=0
shrinkage=0.02


Tree=38
num_leaves=7
num_cat=1
split_feature=10 12 5 4 9 9
split_gain=29408 23606.4 27361.5 17622.7 14837.5 23048.3
threshold=2.5000000000000004 0 246.96480603129791 -10.634058157476597 1.1987365026933336 1.0754966913661235
decision_type=2 1 2 2 2 2
left_child=-1 2 3 -2 5 -3
right_child=1 4 -4 -5 -6 -7
leaf_value=-0.046739514034944779 0.12901811186349796 0.014105633200732366 -0.014560875415802001 0.43362824498862024 0.12307516984144848 -0.23332200829965177
leaf_weight=2919 168 972 200 150 350 168
leaf_count=2919 168 972 200 150 350 168
internal_value=-0.006276 0.0524853 0.165963 0.281542 0.0110116 -0.0240692
internal_weight=4927 2008 518 318 1490 1140
internal_count=4927 2008 518 318 1490 1140
cat_boundaries=0 1
cat_threshold=10
is_linear=0
shrinkage=0.02


Tree=39
num_leaves=7
num_cat=1
split_feature=2 9 9 2 11 12
split_gain=16292.4 19598.6 30329.2 33158.9 25123.3 25441.8
threshold=123.87157319201923 1.4538849798101279 1.0188667153779047 149.81860470209924 6.5000000000000009 0
decision_type=2 2 2 2 2 1
left_child=-1 2 4 -4 -2 -6
right_child=1 -3 3 -5 5 -7
leaf_value=-0.03164439892032745 0.16745023458737929 0.23647487672548448 0.084041451090592273 -0.17422366354147908 0.09984712505448215 -0.12940332229140886
leaf_weight=2531 673 179 321 493 423 324
leaf_count=2531 673 179 321 493 423 324
internal_value=0.00374538 0.0408432 0.0241842 -0.0725932 0.0797805 -0.000373139
internal_weight=4944 2413 2234 814 1420 747
internal_count=4944 2413 2234 814 1420 747
cat_boundaries=0 1
cat_threshold=42
is_linear=0
shrinkage=0.02


Tree=40
num_leaves=7
num_cat=0
split_feature=1 4 0 10 4 11
split_gain=32695 22736.2 32179.4 17128.3 26488.9 23076
threshold=320.12892917304367 -184.46359858083841 -41.144653740610153 2.5000000000000004 61.701748934931999 6.5000000000000009
decision_type=2 2 2 2 2 2
left_child=1 2 -1 -3 5 -5
right_child=-2 3 -4 4 -6 -7
leaf_value=-0.0048705972564544566 -0.2474681308116819 -0.037722698380964988 0.29432259215873019 0.073905624140863838 0.13112620505918635 -0.12450915082449207
leaf_weight=321 193 2499 250 450 761 469
leaf_count=321 193 2499 250 450 761 469
internal_value=0.0011073 0.011706 0.128936 -0.00458134 0.0446479 -0.0276031
internal_weight=4943 4750 571 4179 1680 919
internal_count=4943 4750 571 4179 1680 919
is_linear=0
shrinkage=0.02


Tree=41
num_leaves=7
num_cat=1
split_feature=10 4 8 6 12 8
split_gain=26619.1 25932.4 21664.8 21511.5 29390.3 24257.4
threshold=2.5000000000000004 158.74235436878558 -114.84420444942909 -6.7831120495426269 0 -253.33918051192558
decision_type=2 2 2 2 1 2
left_child=-1 3 -3 -2 5 -5
right_child=1 2 -4 4 -6 -7
leaf_value=-0.036879385859158231 -0.16176083473337663 0.38126965745635655 0.079027138911620817 0.31004952958709486 -0.016815718401562083 0.023977402037587661
leaf_weight=2900 212 151 248 249 915 222
leaf_count=2900 212 151 248 249 915 222
internal_value=0.0017702 0.0578004 0.199935 0.0212885 0.0502456 0.174879
internal_weight=4897 1997 399 1598 1386 471
internal_count=4897 1997 399 1598 1386 471
cat_boundaries=0 1
cat_threshold=42
is_linear=0
shrinkage=0.02


Tree=42
num_leaves=7
num_cat=1
split_feature=12 3 8 6 6 6
split_gain=24361.6 56631 52670.5 27949.5 26793.5 15107.4
threshold=0 1.1939052690237204 -171.51818166344032 -3.3910899707495497 4.877650288473979 -1.5883314784786993
decision_type=1 2 2 2 2 2
left_child=1 2 -1 -4 -3 -2
right_child=5 4 3 -5 -6 -7
leaf_value=0.30999534167224047 -0.079865121504608561 0.0065256868172110169 -0.18261350986832067 0.12173289414303901 -0.3333732183185053 0.0030862730908694808
leaf_weight=436 1484 218 180 321 151 2129
leaf_count=436 1484 218 180 321 151 2129
internal_value=-0.00427008 0.0691325 0.151906 0.0109531 -0.137692 -0.0310259
internal_weight=4919 1306 937 501 369 3613
internal_count=4919 1306 937 501 369 3613
cat_boundaries=0 1
cat_threshold=40
is_linear=0
shrinkage=0.02


Tree=43
num_leaves=7
num_cat=0
split_feature=11 5 11 3 7 11
split_gain=23718.7 34103.6 30899.8 35475.8 27443.9 18059.1
threshold=2.5000000000000004 -135.54936737716244 3.5000000000000004 1.449428445908435 0.036732237363199187 7.5000000000000009
decision_type=2 2 2 2 2 2
left_child=4 2 -2 -4 -1 -3
right_child=1 5 3 -5 -6 -7
leaf_value=-0.029404454272193587 0.37067611861082678 0.041128547977842392 0.12623513496964356 -0.16897683977556591 -0.32231107422993299 -0.05764698284540714
leaf_weight=547 153 1390 905 189 158 1562
leaf_count=547 153 1390 905 189 158 1562
internal_value=0.00788183 0.0259582 0.113205 0.0741655 -0.0986385 -0.011155
internal_weight=4904 4199 1247 1094 705 2952
internal_count=4904 4199 1247 1094 705 2952
is_linear=0
shrinkage=0.02


Tree=44
num_leaves=7
num_cat=1
split_feature=12 3 8 3 0 5
split_gain=26619.5 38280.2 38654.2 17055.9 24294.6 21258.2
threshold=0 1.0578856951265674 -168.54941474577666 0.77780117696311046 36.70567959812022 -516.88004671335818
decision_type=1 2 2 2 2 2
left_child=1 2 -1 4 -2 -5
right_child=3 -3 -4 5 -6 -7
leaf_value=0.40874551551209559 0.080323599711764018 -0.074735749579790081 0.020719910181485692 -0.23970420137992718 -0.13301233328367007 -0.028169489893749872
leaf_weight=224 1155 244 185 195 252 2673
leaf_count=224 1155 244 185 195 252 2673
internal_value=0.00297967 0.119917 0.237916 -0.0153645 0.0414451 -0.043335
internal_weight=4928 653 409 4275 1407 2868
internal_count=4928 653 409 4275 1407 2868
cat_boundaries=0 1
cat_threshold=8
is_linear=0
shrinkage=0.02


Tree=45
num_leaves=7
num_cat=1
split_feature=10 6 12 8 3 10
split_gain=28988.4 19541.1 27461.7 30200.2 55444.8 22567.3
threshold=1.0000000180025095e-35 -6.7831120495426269 0 -253.33918051192558 1.1939052690237204 2.5000000000000004
decision_type=2 2 1 2 2 2
left_child=-1 -2 3 4 5 -3
right_child=1 2 -4 -5 -6 -7
leaf_value=-0.096630937011036658 -0.084559833113307573 0.20461080480946436 0.0022592495670399099 0.036135160919288638 -0.03016065185362438 0.54711754049958483
leaf_weight=896 521 170 2194 752 202 167
leaf_count=896 521 170 2194 752 202 167
internal_value=0.0055708 0.0286134 0.0457261 0.118086 0.231832 0.385215
internal_weight=4902 4006 3485 1291 539 337
internal_count=4902 4006 3485 1291 539 337
cat_boundaries=0 1
cat_threshold=42
is_linear=0
shrinkage=0.02


Tree=46
num_leaves=7
num_cat=0
split_feature=8 3 1 4 5 9
split_gain=24200.7 26855.3 19410.6 23249.7 25676.4 18666.7
threshold=-196.85572030209815 1.711870890070238 109.64575932302823 155.26204023385944 -506.606226403059 0.87658981407259629
decision_type=2 2 2 2 2 2
left_child=1 2 5 4 -4 -1
right_child=-2 -3 3 -5 -6 -7
leaf_value=-0.11947470783827167 -0.035332910470695235 -0.14646627151522754 -0.09266415048771956 0.33552277889441362 0.13427434131898505 0.08661951370716095
leaf_weight=321 2657 232 244 166 951 365
leaf_count=321 2657 232 244 166 951 365
internal_value=0.00562302 0.0533177 0.0765625 0.120024 0.0875527 -0.0101492
internal_weight=4936 2279 2047 1361 1195 686
internal_count=4936 2279 2047 1361 1195 686
is_linear=0
shrinkage=0.02


Tree=47
num_leaves=7
num_cat=0
split_feature=7 8 11 3 8 0
split_gain=39259.9 32644.5 23313 21735.8 25538 20208.3
threshold=0.12412863878609307 -255.99382324609451 2.5000000000000004 1.2171315495308785 -687.70309438339325 -133.73623069268533
decision_type=2 2 2 2 2 2
left_child=1 2 -1 4 -4 -5
right_child=-2 -3 3 5 -6 -7
leaf_value=-0.10215718887523161 -0.24137859794385264 -0.017803744834903004 0.38868262652469721 -0.16038965560870463 0.12377630810585279 0.10620665585860993
leaf_weight=207 229 3007 174 169 798 302
leaf_count=207 229 3007 174 169 798 302
internal_value=0.00865688 0.0214428 0.0926431 0.121098 0.174673 0.00920318
internal_weight=4886 4657 1650 1443 972 471
internal_count=4886 4657 1650 1443 972 471
is_linear=0
shrinkage=0.02


Tree=48
num_leaves=7
num_cat=1
split_feature=1 8 12 10 1 4
split_gain=40301.2 25671.5 15810.9 15959.1 13804.6 12762.5
threshold=338.63511084158785 -236.34509204230378 0 2.5000000000000004 161.8883492623734 24.272322980650721
decision_type=2 2 1 2 2 2
left_child=1 2 3 4 -1 -3
right_child=-2 5 -4 -5 -6 -7
leaf_value=0.19198648007326227 -0.31405527111924725 -0.084162957108124187 0.017638613849141151 0.25715726747794049 -0.034615347808852621 0.0020372642363479794
leaf_weight=176 152 1078 1112 274 249 1863
leaf_count=176 152 1078 1112 274 249 1863
internal_value=-0.00384346 0.0067178 0.0657571 0.138772 0.0614807 -0.0297369
internal_weight=4904 4752 1811 699 425 2941
internal_count=4904 4752 1811 699 425 2941
cat_boundaries=0 1
cat_threshold=44
is_linear=0
shrinkage=0.02


Tree=49
num_leaves=7
num_cat=0
split_feature=7 2 7 2 4 8
split_gain=27674.5 26615.5 18570.4 33318.7 20298 17865.7
threshold=-0.024963602151877543 211.46995327466161 0.13273668291836749 206.91974052081409 -109.31041428469619 -234.37346391034782
decision_type=2 2 2 2 2 2
left_child=1 -1 3 5 -5 -2
right_child=2 -3 -4 4 -6 -7
leaf_value=-0.030311296201013686 0.093661687318217682 -0.27820623038995146 -0.14269422400796244 0.048984495727171805 0.35438777928300402 -0.011462411925724199
leaf_weight=1415 1027 188 199 151 208 1713
leaf_count=1415 1027 188 199 151 208 1713
internal_value=0.00700854 -0.060929 0.0401141 0.0522742 0.23074 0.0281372
internal_weight=4901 1603 3298 3099 359 2740
internal_count=4901 1603 3298 3099 359 2740
is_linear=0
shrinkage=0.02


Tree=50
num_leaves=7
num_cat=2
split_feature=10 8 12 4 9 12
split_gain=25591.8 23784 26429.3 23962.9 18958.3 15012.4
threshold=2.5000000000000004 -255.99382324609451 0 60.168833920882712 1.0902824551004995 1
decision_type=2 2 1 2 2 1
left_child=-1 2 4 5 -2 -3
right_child=1 3 -4 -5 -6 -7
leaf_value=-0.020736242475516184 0.40321269371542512 0.0050957360521952308 0.02361270114864622 0.10053204631929216 0.12013626001588064 -0.20503150135011416
leaf_weight=2907 207 355 330 643 189 203
leaf_count=2907 207 355 330 643 189 203
internal_value=0.0167253 0.0730537 0.162593 0.0180316 0.267799 -0.0771323
internal_weight=4834 1927 726 1201 396 558
internal_count=4834 1927 726 1201 396 558
cat_boundaries=0 1 2
cat_threshold=46 57
is_linear=0
shrinkage=0.02


Tree=51
num_leaves=7
num_cat=0
split_feature=10 1 4 1 8 9
split_gain=24241.1 22774.6 55897.3 22361.9 21891.7 19327.4
threshold=2.5000000000000004 209.66695380095641 -68.792414219515678 232.10980190143655 -575.38311830225166 1.1598642766168112
decision_type=2 2 2 2 2 2
left_child=3 -2 -3 4 -1 -5
right_child=1 2 -4 5 -6 -7
leaf_value=0.20287896154655349 0.031168519694513286 -0.051591625279042777 0.47918576759099962 -0.33520585794888791 -0.025637309905232601 -0.026741395066356102
leaf_weight=170 1657 154 150 158 2446 161
leaf_count=170 1657 154 150 158 2446 161
internal_value=0.00669226 0.0609673 0.217225 -0.0296551 -0.0100712 -0.185068
internal_weight=4896 1961 304 2935 2616 319
internal_count=4896 1961 304 2935 2616 319
is_linear=0
shrinkage=0.02


Tree=52
num_leaves=7
num_cat=0
split_feature=10 0 8 7 9 8
split_gain=19679.6 20608.4 44318.6 18771.8 15419.8 10851.2
threshold=2.5000000000000004 -85.16809111589528 -366.27493945016789 0.04375479639468783 1.0833392625464666 -91.436145539349738
decision_type=2 2 2 2 2 2
left_child=-1 4 -3 5 -2 -4
right_child=1 2 3 -5 -6 -7
leaf_value=-0.031386822249674109 0.043405753532366725 0.28591307792257753 -0.053917281210596288 0.2197178724204952 -0.23510551225991896 0.066891942577135002
leaf_weight=2914 151 319 676 166 152 515
leaf_count=2914 151 319 676 166 152 515
internal_value=0.00163021 0.0501599 0.0776197 0.0269213 -0.0993571 -0.00155619
internal_weight=4893 1979 1676 1357 303 1191
internal_count=4893 1979 1676 1357 303 1191
is_linear=0
shrinkage=0.02


Tree=53
num_leaves=7
num_cat=1
split_feature=10 11 12 6 8 9
split_gain=19018.9 15211.1 29356.8 19953.2 19923.6 18832.1
threshold=1.0000000180025095e-35 2.5000000000000004 0 2.9298707222302771 -234.37346391034782 0.74893720896268501
decision_type=2 2 1 2 2 2
left_child=-1 3 4 -2 -3 -6
right_child=1 2 -4 -5 5 -7
leaf_value=-0.083330750982794494 0.00040267278172381938 0.19235117208286628 -0.013576226509220884 -0.24769639716994377 0.15432290902196383 -0.052425804590997521
leaf_weight=926 428 594 2064 176 295 409
leaf_count=926 428 594 2064 176 295 409
internal_value=-0.00222428 0.0168748 0.0335081 -0.0747478 0.107194 0.035157
internal_weight=4892 3966 3362 604 1298 704
internal_count=4892 3966 3362 604 1298 704
cat_boundaries=0 1
cat_threshold=42
is_linear=0
shrinkage=0.02


Tree=54
num_leaves=7
num_cat=0
split_feature=11 2 8 4 11 0
split_gain=21336.7 31184.4 24606.2 16341.1 15955 23827.1
threshold=2.5000000000000004 153.51869018868882 -236.34509204230378 158.74235436878558 3.5000000000000004 -172.06334675281872
decision_type=2 2 2 2 2 2
left_child=1 -1 3 4 -2 -6
right_child=2 -3 -4 -5 5 -7
leaf_value=-0.021503434778779008 0.23602373873078544 -0.31946152825834889 -0.021635160981950952 0.24966537084468862 -0.19709077080090839 0.060870013269801189
leaf_weight=554 162 179 2493 184 152 1237
leaf_count=554 162 179 2493 184 152 1237
internal_value=0.00127709 -0.0975857 0.0186065 0.076222 0.0541783 0.031434
internal_weight=4961 733 4228 1735 1551 1389
internal_count=4961 733 4228 1735 1551 1389
is_linear=0
shrinkage=0.02


Tree=55
num_leaves=7
num_cat=1
split_feature=2 4 2 2 1 12
split_gain=20120.6 21231.3 12639.3 21840.5 23252.4 14268.6
threshold=269.76900290602362 -380.04849747614304 123.87157319201923 189.80239735317585 201.66015667320679 0
decision_type=2 2 2 2 2 1
left_child=1 -1 5 4 -4 -3
right_child=-2 2 3 -5 -6 -7
leaf_value=-0.22933822550459534 0.21552617984082173 -0.10417967383251724 0.039773740692198009 -0.075393133771987184 0.24948240083675433 0.00034146974084987527
leaf_weight=157 157 713 1326 515 243 1828
leaf_count=157 157 713 1326 515 243 1828
internal_value=-0.000275592 -0.00779565 0.000203388 0.0366167 0.0736268 -0.0296874
internal_weight=4939 4782 4625 2084 1569 2541
internal_count=4939 4782 4625 2084 1569 2541
cat_boundaries=0 1
cat_threshold=6
is_linear=0
shrinkage=0.02


Tree=56
num_leaves=7
num_cat=0
split_feature=8 4 2 9 9 0
split_gain=18309.6 24169 17308 22546.6 18728.9 34090.4
threshold=-232.04066793985785 -418.39330476058745 141.38210041914419 1.1987365026933336 1.0262351151910221 -12.614417769896134
decision_type=2 2 2 2 2 2
left_child=1 -1 3 -3 5 -4
right_child=-2 2 4 -5 -6 -7
leaf_value=-0.17791197502613065 -0.019904211155561888 -0.04275076966523092 0.40776258831090395 0.16249672076875166 0.0465456881207214 0.057410372701878293
leaf_weight=150 2892 683 215 300 423 227
leaf_count=150 2892 683 215 300 423 227
internal_value=0.0122504 0.0586598 0.0787163 0.020894 0.143437 0.233082
internal_weight=4890 1998 1848 983 865 442
internal_count=4890 1998 1848 983 865 442
is_linear=0
shrinkage=0.02


Tree=57
num_leaves=7
num_cat=2
split_feature=10 3 12 6 12 8
split_gain=21635.9 22355.4 21102 19353 18765.8 18420.5
threshold=2.5000000000000004 1.0221092778717678 0 5.1046256311326763 1 -366.27493945016789
decision_type=2 2 1 2 1 2
left_child=1 4 -3 -4 -1 -2
right_child=5 2 3 -5 -6 -7
leaf_value=-0.09315511077642441 0.15936794077346703 -0.022379097629493482 -0.098414407330174605 -0.3613244640795808 0.050104087474691125 0.018847054037515198
leaf_weight=480 489 629 300 180 1345 1493
leaf_count=480 489 629 300 180 1345 1493
internal_value=0.00324444 -0.0312057 -0.101594 -0.19832 0.011888 0.0541424
internal_weight=4916 2934 1109 480 1825 1982
internal_count=4916 2934 1109 480 1825 1982
cat_boundaries=0 1 2
cat_threshold=71 6
is_linear=0
shrinkage=0.02


Tree=58
num_leaves=7
num_cat=0
split_feature=10 2 4 4 5 1
split_gain=34368.8 21777.3 18389.4 19592.3 18348.6 19800.8
threshold=2.5000000000000004 106.14461673832129 -13.688751089592216 -170.08301806008026 132.21188901469014 141.71497686768839
decision_type=2 2 2 2 2 2
left_child=-1 -2 3 -3 5 -4
right_child=1 2 4 -5 -6 -7
leaf_value=-0.032182196698750942 -0.013609249749467625 0.15127855562095371 0.12010260293363696 -0.091830947130806459 0.090260558448147885 0.42323012703686808
leaf_weight=2945 711 255 170 256 411 191
leaf_count=2945 711 255 170 256 411 191
internal_value=0.011202 0.0751182 0.124013 0.030061 0.185022 0.287568
internal_weight=4939 1994 1283 511 772 361
internal_count=4939 1994 1283 511 772 361
is_linear=0
shrinkage=0.02


Tree=59
num_leaves=7
num_cat=0
split_feature=10 1 4 4 1 6
split_gain=16999 19466.2 54624.9 19452.2 12663.2 11806.5
threshold=2.5000000000000004 209.66695380095641 -68.792414219515678 259.43929860087428 180.02830345830765 5.3749775049927182
decision_type=2 2 2 2 2 2
left_child=3 4 -3 -1 5 -2
right_child=1 2 -4 -5 -6 -7
leaf_value=-0.012199093999273807 0.014521810034833518 -0.080712813656777155 0.44208687535921731 -0.18400724067826321 -0.14700838429022986 0.17478608736925036
leaf_weight=2646 1323 150 155 283 156 204
leaf_count=2646 1323 150 155 283 156 204
internal_value=0.00123275 0.0462406 0.190572 -0.0293688 0.0191131 0.0369303
internal_weight=4917 1988 305 2929 1683 1527
internal_count=4917 1988 305 2929 1683 1527
is_linear=0
shrinkage=0.02


Tree=60
num_leaves=7
num_cat=0
split_feature=10 6 1 11 1 7
split_gain=18701.7 23425.1 23310.9 21722.3 24908.6 18170.2
threshold=2.5000000000000004 -12.130164565973265 283.34490742157817 6.5000000000000009 199.60039464716991 -0.0013322634785207837
decision_type=2 2 2 2 2 2
left_child=2 -2 5 4 -3 -1
right_child=1 3 -4 -5 -6 -7
leaf_value=-0.065636693063174323 -0.18178412848711012 0.089808880195316285 -0.26117397565783168 0.0053228983606311902 0.36478347807045447 0.035734605325171059
leaf_weight=1407 150 698 153 958 156 1403
leaf_count=1407 150 698 153 958 156 1403
internal_value=0.00306389 0.0508143 -0.0286194 0.0709612 0.143679 -0.015076
internal_weight=4925 1962 2963 1812 854 2810
internal_count=4925 1962 2963 1812 854 2810
is_linear=0
shrinkage=0.02


Tree=61
num_leaves=7
num_cat=1
split_feature=1 1 5 12 5 3
split_gain=16020.5 21371.8 29472.6 25358.3 18274.1 14605.3
threshold=338.63511084158785 205.39917248743214 -368.79395694450187 0 -337.45959219709567 0.78500125359821615
decision_type=2 2 2 1 2 2
left_child=1 4 -3 -4 -1 -6
right_child=-2 2 3 -5 5 -7
leaf_value=0.13112838486936743 -0.18302717726768516 -0.05810584406322903 0.038725918172603818 0.36854788150899764 0.037224626596213652 -0.042570452999195041
leaf_weight=387 154 215 181 208 1497 2337
leaf_count=387 154 215 181 208 1497 2337
internal_value=0.0114182 0.01799 0.128239 0.230107 0.00194815 -0.0113984
internal_weight=4979 4825 604 389 4221 3834
internal_count=4979 4825 604 389 4221 3834
cat_boundaries=0 1
cat_threshold=72
is_linear=0
shrinkage=0.02


Tree=62
num_leaves=7
num_cat=1
split_feature=0 8 10 0 12 8
split_gain=23302.7 21590.1 25562.5 21113 26097.2 36325.7
threshold=-187.49647308584636 -799.97915458296814 1.0000000180025095e-35 -101.38379049103806 0 -234.37346391034782
decision_type=2 2 2 2 1 2
left_child=-1 -2 -3 -4 5 -5
right_child=1 2 3 4 -6 -7
leaf_value=-0.23003943033334687 0.22191170479254749 -0.096229085571101408 -0.14074489646959135 0.26658639701015979 -0.0010969671714911135 0.035590288933884322
leaf_weight=154 179 826 271 405 2245 803
leaf_count=154 179 826 271 405 2245 803
internal_value=0.00435349 0.0124558 0.0037471 0.0261206 0.0395852 0.113655
internal_weight=4883 4729 4550 3724 3453 1208
internal_count=4883 4729 4550 3724 3453 1208
cat_boundaries=0 1
cat_threshold=42
is_linear=0
shrinkage=0.02


Tree=63
num_leaves=7
num_cat=0
split_feature=6 6 4 6 2 5
split_gain=12345.2 20559.3 14340.4 14001.4 17545.6 19100.2
threshold=-5.1839435810313574 -6.1813210020394962 242.04721473948032 22.48368498014575 206.91974052081409 -306.44130965763355
decision_type=2 2 2 2 2 2
left_child=1 2 -1 4 -2 -6
right_child=3 -3 -4 -5 5 -7
leaf_value=0.024301754939510159 0.01529426129944343 -0.25229686767197729 -0.18360221522224204 -0.16054813326502138 0.010025506002464513 0.31065017799762162
leaf_weight=687 3456 168 154 153 164 166
leaf_count=687 3456 168 154 153 164 166
internal_value=0.00507829 -0.0569983 -0.0154788 0.0210837 0.0288274 0.165938
internal_weight=4948 1009 841 3939 3786 330
internal_count=4948 1009 841 3939 3786 330
is_linear=0
shrinkage=0.02


Tree=64
num_leaves=7
num_cat=1
split_feature=7 3 8 6 12 1
split_gain=20316 43877.6 20943.2 19349.4 33752.8 20603.1
threshold=0.074889923672478487 1.1434497594957245 -234.37346391034782 -7.0140415392960778 0 178.36981315432701
decision_type=2 2 2 2 1 2
left_child=2 -2 3 -1 -5 -6
right_child=1 -3 -4 4 5 -7
leaf_value=-0.076391737423125342 0.053145919553537813 -0.31335005935972499 -0.022902172507372771 0.2519648093176477 -0.015232980308798969 0.1969101083278656
leaf_weight=304 271 238 2740 385 778 229
leaf_count=304 271 238 2740 385 778 229
internal_value=-0.00255118 -0.120957 0.0112766 0.0663052 0.0977915 0.0341362
internal_weight=4945 509 4436 1696 1392 1007
internal_count=4945 509 4436 1696 1392 1007
cat_boundaries=0 1
cat_threshold=40
is_linear=0
shrinkage=0.02


Tree=65
num_leaves=7
num_cat=1
split_feature=7 7 12 7 0 11
split_gain=21786 18112.6 22596.3 16120.6 19294.2 25018.9
threshold=0.13273668291836749 -0.024963602151877543 0 -0.014838233667666055 -50.179595189200889 2.5000000000000004
decision_type=2 2 1 2 2 2
left_child=1 -1 -3 -4 -5 -6
right_child=-2 2 3 4 5 -7
leaf_value=-0.027367304660991951 -0.18327022589815475 -0.037548016087901322 0.23015569552457588 -0.038213776245203314 -0.098638261882243339 0.13473899595247815
leaf_weight=1609 196 778 268 516 206 1312
leaf_count=1609 196 778 268 516 206 1312
internal_value=0.0181159 0.0269059 0.0552552 0.0864349 0.0668878 0.10263
internal_weight=4885 4689 3080 2302 2034 1518
internal_count=4885 4689 3080 2302 2034 1518
cat_boundaries=0 1
cat_threshold=5
is_linear=0
shrinkage=0.02


Tree=66
num_leaves=7
num_cat=1
split_feature=1 8 8 12 2 5
split_gain=16667.7 18586.1 19866.5 19283.1 19896.8 22776.9
threshold=330.81011520885687 -183.88855769729369 -46.841950073099873 0 125.20294529909181 -258.40528278827969
decision_type=2 2 2 1 2 2
left_child=1 3 -3 4 -1 -6
right_child=-2 2 -4 -5 5 -7
leaf_value=-0.015214582383437108 -0.18728421400567971 -0.069898377659892277 0.049222480322209772 -0.012430162373529648 0.047671139201560582 0.26439654676162677
leaf_weight=371 175 1701 824 1096 375 404
leaf_count=371 175 1701 824 1096 375 404
internal_value=-0.00101844 0.00619121 -0.0309841 0.0479365 0.104288 0.161994
internal_weight=4946 4771 2525 2246 1150 779
internal_count=4946 4771 2525 2246 1150 779
cat_boundaries=0 1
cat_threshold=46
is_linear=0
shrinkage=0.02


Tree=67
num_leaves=7
num_cat=0
split_feature=2 4 4 10 2 2
split_gain=22330.3 17564.5 16565.8 18613.1 22793.5 16875.4
threshold=274.16703355779902 -402.69020034599748 -228.33107461018682 2.5000000000000004 189.80239735317585 136.07553809665782
decision_type=2 2 2 2 2 2
left_child=1 -1 5 4 -4 -3
right_child=-2 2 3 -5 -6 -7
leaf_value=-0.20812155055411069 0.23532944636580386 -0.023189950753003358 -0.019992034755532163 0.043442205025273108 -0.20934319823771921 0.25571113055025169
leaf_weight=152 152 150 2322 1743 276 191
leaf_count=152 152 150 2322 1743 276 191
internal_value=0.00435465 -0.00337893 0.00369739 -0.00697297 -0.0408334 0.135862
internal_weight=4986 4834 4682 4341 2598 341
internal_count=4986 4834 4682 4341 2598 341
is_linear=0
shrinkage=0.02


Tree=68
num_leaves=7
num_cat=0
split_feature=4 8 4 10 1 0
split_gain=15976.1 25135.8 14321.4 15178.4 25003.2 15642.3
threshold=-402.69020034599748 -720.73263489106751 -275.46283442351211 2.5000000000000004 229.07025331174611 98.926110288357634
decision_type=2 2 2 2 2 2
left_child=-1 -2 -3 4 -4 -5
right_child=1 2 3 5 -6 -7
leaf_value=-0.19435512163485702 0.20969956154646896 0.16854005565414323 -0.029771209331602166 0.0059534904599092692 -0.28742822929198697 0.17667437783911827
leaf_weight=161 213 167 2413 1525 151 240
leaf_count=161 213 167 2413 1525 151 240
internal_value=-0.00445584 0.00243488 -0.00782796 -0.0150045 -0.0460029 0.0300322
internal_weight=4870 4709 4496 4329 2564 1765
internal_count=4870 4709 4496 4329 2564 1765
is_linear=0
shrinkage=0.02


Tree=69
num_leaves=7
num_cat=1
split_feature=10 4 7 12 6 7
split_gain=18316.9 28460.9 23777.9 28387 21709.8 18010.7
threshold=2.5000000000000004 158.74235436878558 -0.056500938042250114 0 0.45169991620408473 0.13273668291836749
decision_type=2 2 2 1 2 2
left_child=5 2 -2 4 -4 -1
right_child=1 -3 3 -5 -6 -7
leaf_value=-0.017516296353017869 -0.18042542437965101 0.19483181934565377 0.31712966129960607 -0.029597864242955449 0.046275984159377517 -0.23277658397501166
leaf_weight=2742 216 412 201 834 279 155
leaf_count=2742 216 412 201 834 279 155
internal_value=0.00202958 0.0494131 0.00924376 0.0415495 0.160576 -0.0297946
internal_weight=4839 1942 1530 1314 480 2897
internal_count=4839 1942 1530 1314 480 2897
cat_boundaries=0 1
cat_threshold=42
is_linear=0
shrinkage=0.02


Tree=70
num_leaves=7
num_cat=2
split_feature=11 5 12 5 12 7
split_gain=16337.3 22763.9 16389.2 16050.2 21839 15799.1
threshold=2.5000000000000004 -135.54936737716244 0 -258.40528278827969 1 -0.035646417056761019
decision_type=2 2 1 2 1 2
left_child=-1 2 -2 5 -5 -4
right_child=1 -3 3 4 -6 -7
leaf_value=-0.093080029687374055 0.25058537453489821 -0.020846636293425466 -0.17708495123170273 -0.0048388279003224203 0.2871029039870861 0.043472341292446509
leaf_weight=713 174 2922 161 204 195 531
leaf_count=713 174 2922 161 204 195 531
internal_value=-0.00528012 0.00985739 0.0803873 0.0484971 0.148272 -0.00963389
internal_weight=4900 4187 1265 1091 399 692
internal_count=4900 4187 1265 1091 399 692
cat_boundaries=0 1 2
cat_threshold=8 65
is_linear=0
shrinkage=0.02


Tree=71
num_leaves=7
num_cat=2
split_feature=9 12 12 9 8 9
split_gain=17932.1 18328.9 15861.6 20526.9 27405.1 25173.9
threshold=1.4762788750354527 0 1 1.0188667153779047 -584.11672779790422 0.88218487572126125
decision_type=2 1 1 2 2 2
left_child=2 -2 -1 4 -4 -6
right_child=1 -3 3 -5 5 -7
leaf_value=-0.057418725222478838 0.27672886561583254 -0.016426661658016116 0.26649739654400412 -0.040313452997455916 -0.0069406176734819634 0.16629072551903704
leaf_weight=1359 175 156 224 1239 1352 436
leaf_count=1359 175 156 224 1239 1352 436
internal_value=0.00981863 0.149768 -0.000532249 0.023455 0.0628452 0.0359914
internal_weight=4941 331 4610 3251 2012 1788
internal_count=4941 331 4610 3251 2012 1788
cat_boundaries=0 1 2
cat_threshold=78 5
is_linear=0
shrinkage=0.02


Tree=72
num_leaves=7
num_cat=1
split_feature=10 2 5 5 2 12
split_gain=23209.7 18897 25597.7 16815.6 13760.1 18178.3
threshold=1.0000000180025095e-35 261.39509462179353 -564.85876902731491 -74.681812238713746 119.3088793473586 0
decision_type=2 2 2 2 2 1
left_child=-1 2 -2 -4 -5 -6
right_child=1 -3 3 4 5 -7
leaf_value=-0.084634562393071544 -0.23153805069625377 0.22821566129949961 0.092774038105041062 -0.044485507047932298 0.12885329123478401 -0.024483210720110789
leaf_weight=936 150 166 1080 1360 562 653
leaf_count=936 150 166 1080 1360 562 653
internal_value=0.00442334 0.0255749 0.0161593 0.0269288 -0.000939934 0.0477677
internal_weight=4907 3971 3805 3655 2575 1215
internal_count=4907 3971 3805 3655 2575 1215
cat_boundaries=0 1
cat_threshold=14
is_linear=0
shrinkage=0.02


Tree=73
num_leaves=7
num_cat=1
split_feature=5 0 12 9 1 3
split_gain=16753.9 23129.9 33413.9 36512.6 21248.3 21181.2
threshold=-135.54936737716244 -98.894672837441234 0 1.1797145288870692 121.27472029799692 0.916781827066249
decision_type=2 2 1 2 2 2
left_child=1 -1 3 5 -4 -3
right_child=-2 2 4 -5 -6 -7
leaf_value=-0.095919565312661131 -0.022514407994335996 -0.054361371264165764 0.079669409588899148 0.43946816719754744 -0.16785632275503956 0.24936606909741055
leaf_weight=298 3517 186 395 180 201 166
leaf_count=298 3517 186 395 180 201 166
internal_value=0.000934673 0.0585221 0.0998075 0.211472 -0.00511619 0.0918055
internal_weight=4943 1426 1128 532 596 352
internal_count=4943 1426 1128 532 596 352
cat_boundaries=0 1
cat_threshold=46
is_linear=0
shrinkage=0.02


Tree=74
num_leaves=7
num_cat=0
split_feature=10 6 3 2 3 8
split_gain=24767.6 23828.9 35263.6 18661.4 16965.9 15900.7
threshold=1.0000000180025095e-35 5.3749775049927182 0.7749105896645182 192.97099247648563 1.1736216732552625 -366.27493945016789
decision_type=2 2 2 2 2 2
left_child=4 3 -3 5 -1 -2
right_child=1 2 -4 -5 -6 -7
leaf_value=-0.031616608199863873 0.12379008468972544 0.36691576810831522 0.041381424786931 -0.12914247812015084 -0.21038037397813028 -0.0044421815444993899
leaf_weight=622 448 171 515 396 316 2484
leaf_count=622 448 171 515 396 316 2484
internal_value=-0.00145979 0.0202093 0.126634 -0.00204158 -0.0934237 0.0155055
internal_weight=4952 4014 686 3328 938 2932
internal_count=4952 4014 686 3328 938 2932
is_linear=0
shrinkage=0.02


Tree=75
num_leaves=7
num_cat=0
split_feature=4 4 1 1 10 1
split_gain=24965.2 24635.8 16914.4 33895.9 36412.6 22805.7
threshold=-402.69020034599748 -275.46283442351211 205.39917248743214 232.10980190143655 2.5000000000000004 175.92371610268177
decision_type=2 2 2 2 2 2
left_child=-1 -2 5 -4 -5 -3
right_child=1 2 3 4 -6 -7
leaf_value=-0.24236985003041941 0.20105508360266686 -0.0075083324169017834 0.30810534300244585 -0.19084299305982366 0.19713674210689283 -0.18645045173351435
leaf_weight=161 230 3665 186 205 166 299
leaf_count=161 230 3665 186 205 166 299
internal_value=-0.00494613 0.00359176 -0.00687549 0.0953324 -0.0166278 -0.0214409
internal_weight=4912 4751 4521 557 371 3964
internal_count=4912 4751 4521 557 371 3964
is_linear=0
shrinkage=0.02


Tree=76
num_leaves=7
num_cat=0
split_feature=5 3 4 5 10 6
split_gain=16448 52322.5 18838.1 12704.7 12071.9 18211.8
threshold=-492.0574561658363 1.1479691490655346 -275.46283442351211 675.22514303868309 1.0000000180025095e-35 5.8207562083190121
decision_type=2 2 2 2 2 2
left_child=1 -1 -2 4 -4 -6
right_child=2 -3 3 -5 5 -7
leaf_value=0.093251014466796608 0.18260663950903733 -0.36718852769760857 -0.065587099167732449 -0.13181317274452103 0.0053491910438681189 0.14549222150738811
leaf_weight=200 223 179 737 272 2875 416
leaf_count=200 223 179 737 272 2875 416
internal_value=-0.00326167 -0.128061 0.00745523 -0.00203081 0.00703778 0.0234511
internal_weight=4902 379 4523 4300 4028 3291
internal_count=4902 379 4523 4300 4028 3291
is_linear=0
shrinkage=0.02


Tree=77
num_leaves=7
num_cat=0
split_feature=7 2 5 9 0 7
split_gain=13442.5 22281.3 18348.2 14180.2 16750.7 25275.1
threshold=0.002105093700203333 219.15663524995932 -439.11478564560952 1.4420796754296921 32.69130152520728 -0.10720946124589119
decision_type=2 2 2 2 2 2
left_child=3 2 -2 4 5 -1
right_child=1 -3 -4 -5 -6 -7
leaf_value=0.21880510606451661 -0.19467767055274665 0.21402861809730531 0.024149937821577129 0.11789703922652303 -0.12441489271142267 -0.040995862910953855
leaf_weight=157 157 220 1855 203 837 1446
leaf_count=157 157 220 1855 203 837 1446
internal_value=-0.00852852 0.0275446 0.00619607 -0.0389811 -0.0524608 -0.0143518
internal_weight=4875 2232 2012 2643 2440 1603
internal_count=4875 2232 2012 2643 2440 1603
is_linear=0
shrinkage=0.02


Tree=78
num_leaves=7
num_cat=1
split_feature=6 8 12 9 2 9
split_gain=13168.7 10629.5 17969.5 18360.9 15687.8 13037.6
threshold=20.522354713590211 -232.04066793985785 0 1.279907282108588 157.38002043380968 1.110479523415594
decision_type=2 2 1 2 2 2
left_child=1 2 3 5 -4 -1
right_child=-2 -3 4 -5 -6 -7
leaf_value=0.09092745702078954 -0.17549576193599378 -0.024058234944280762 0.013559327429789714 0.24330967065373901 -0.19284109800730062 -0.1034308999138219
leaf_weight=571 167 2868 733 243 174 172
leaf_count=571 167 2868 733 243 174 172
internal_value=-0.00610546 0.000191573 0.0368647 0.0949918 -0.027409 0.0451586
internal_weight=4928 4761 1893 986 907 743
internal_count=4928 4761 1893 986 907 743
cat_boundaries=0 1
cat_threshold=46
is_linear=0
shrinkage=0.02


Tree=79
num_leaves=7
num_cat=1
split_feature=7 12 1 1 4 1
split_gain=15133.9 17316.3 26146.6 26963.1 12785 14258.4
threshold=0.15946046197655486 0 156.44036025380089 240.48304484270113 82.214322896402919 255.67686879813513
decision_type=2 1 2 2 2 2
left_child=1 2 -1 -4 5 -3
right_child=-2 4 3 -5 -6 -7
leaf_value=0.25396095428159349 -0.19485673924996738 -0.029847231811604737 -0.16440856820373445 0.16759718372122101 0.033160220792839888 -0.22183940827485288
leaf_weight=243 158 2600 199 174 1369 155
leaf_count=243 158 2600 199 174 1369 155
internal_value=-0.00830973 -0.00169436 0.0954852 -0.00919976 -0.0165967 -0.0414122
internal_weight=4898 4740 616 373 4124 2755
internal_count=4898 4740 616 373 4124 2755
cat_boundaries=0 1
cat_threshold=8
is_linear=0
shrinkage=0.02


end of trees

feature_importances:
dist_hi20=56
sym=55
prev_rng=44
atr20=42
dow=42
r5=40
gap=33
prev_ret=31
r20=31
vol5_20=31
rng_ratio=29
gap_atr=29
month=17

parameters:
[boosting: gbdt]
[objective: regression]
[metric: l2]
[tree_learner: serial]
[device_type: cpu]
[data_sample_strategy: bagging]
[data: ]
[valid: ]
[num_iterations: 80]
[learning_rate: 0.02]
[num_leaves: 7]
[num_threads: 4]
[seed: 2]
[deterministic: 0]
[force_col_wise: 0]
[force_row_wise: 0]
[histogram_pool_size: -1]
[max_depth: -1]
[min_data_in_leaf: 150]
[min_sum_hessian_in_leaf: 0.001]
[bagging_fraction: 0.8]
[pos_bagging_fraction: 1]
[neg_bagging_fraction: 1]
[bagging_freq: 1]
[bagging_seed: 29216]
[bagging_by_query: 0]
[feature_fraction: 0.8]
[feature_fraction_bynode: 1]
[feature_fraction_seed: 17795]
[extra_trees: 0]
[extra_seed: 19650]
[early_stopping_round: 0]
[early_stopping_min_delta: 0]
[first_metric_only: 0]
[max_delta_step: 0]
[lambda_l1: 0]
[lambda_l2: 10]
[linear_lambda: 0]
[min_gain_to_split: 0]
[drop_rate: 0.1]
[max_drop: 50]
[skip_drop: 0.5]
[xgboost_dart_mode: 0]
[uniform_drop: 0]
[drop_seed: 24198]
[top_rate: 0.2]
[other_rate: 0.1]
[min_data_per_group: 100]
[max_cat_threshold: 32]
[cat_l2: 10]
[cat_smooth: 10]
[max_cat_to_onehot: 4]
[top_k: 20]
[monotone_constraints: ]
[monotone_constraints_method: basic]
[monotone_penalty: 0]
[feature_contri: ]
[forcedsplits_filename: ]
[refit_decay_rate: 0.9]
[cegb_tradeoff: 1]
[cegb_penalty_split: 0]
[cegb_penalty_feature_lazy: ]
[cegb_penalty_feature_coupled: ]
[path_smooth: 0]
[interaction_constraints: ]
[verbosity: -1]
[saved_feature_importance_type: 0]
[use_quantized_grad: 0]
[num_grad_quant_bins: 4]
[quant_train_renew_leaf: 0]
[stochastic_rounding: 1]
[linear_tree: 0]
[max_bin: 255]
[max_bin_by_feature: ]
[min_data_in_bin: 3]
[bin_construct_sample_cnt: 200000]
[data_random_seed: 45]
[is_enable_sparse: 1]
[enable_bundle: 1]
[use_missing: 1]
[zero_as_missing: 0]
[feature_pre_filter: 1]
[pre_partition: 0]
[two_round: 0]
[header: 0]
[label_column: ]
[weight_column: ]
[group_column: ]
[ignore_column: ]
[categorical_feature: 12]
[forcedbins_filename: ]
[precise_float_parser: 0]
[parser_config_file: ]
[objective_seed: 29484]
[num_class: 1]
[is_unbalance: 0]
[scale_pos_weight: 1]
[sigmoid: 1]
[boost_from_average: 1]
[reg_sqrt: 0]
[alpha: 0.9]
[fair_c: 1]
[poisson_max_delta_step: 0.7]
[tweedie_variance_power: 1.5]
[lambdarank_truncation_level: 30]
[lambdarank_norm: 1]
[label_gain: ]
[lambdarank_position_bias_regularization: 0]
[eval_at: ]
[multi_error_top_k: 1]
[auc_mu_weights: ]
[num_machines: 1]
[local_listen_port: 12400]
[time_out: 120]
[machine_list_filename: ]
[machines: ]
[gpu_platform_id: -1]
[gpu_device_id: -1]
[gpu_device_id_list: ]
[gpu_use_dp: 0]
[num_gpu: 1]

end of parameters

pandas_categorical:[["EURUSD", "GER40cash", "UK100cash", "US100cash", "US30cash", "US500cash", "XAUUSD"]]
