tree
version=v4
num_class=1
num_tree_per_iteration=1
label_index=0
max_feature_idx=12
objective=regression
feature_names=prev_ret prev_rng atr20 rng_ratio r5 r20 gap gap_atr dist_hi20 vol5_20 dow month sym
feature_infos=[-563.49722324484878:752.61459363990423] [13.11520799444922:742.15479661653126] [37.806811460335894:439.42660505756993] [0.13912091396140261:4.7314133801784202] [-1129.6872229288845:981.83640970814906] [-1723.8022909576323:1625.2501279894971] [-300.82790206094836:156.47233698153241] [-1.5436497118022536:1.2513908932620765] [-1693.135444306102:0] [0.11774680357589383:2.0233253768963362] [0:4] [1:12] -1:0:4:6:2:5:3:1
tree_sizes=744 756 755 775 775 748 777 761 777 776 771 777 781 772 761 760 762 768 764 762 757 774 771 757 745 764 769 776 761 766 771 754 767 765 769 779 755 748 750 785 777 770 755 775 760 768 777 778 758 776 758 774 752 773 762 781 756 774 752 775 776 781 754 760 761 776 754 769 780 774 762 756 766 780 761 785 775 747 753 777

Tree=0
num_leaves=7
num_cat=1
split_feature=7 8 0 12 5 0
split_gain=35911.8 34996.5 39121.6 80085.5 40023.6 20853.9
threshold=0.15946046197655486 -234.37346391034782 -96.58015473117176 0 -386.91659861881436 19.875674936959967
decision_type=2 2 2 1 2 2
left_child=1 2 4 5 -1 -4
right_child=-2 -3 3 -5 -6 -7
leaf_value=1.1116012243541256 1.1374760301283433 1.3968327064413633 1.9904397108907532 1.4705709642702209 1.4954655615684971 1.6632969171582501
leaf_weight=169 152 2907 158 1095 271 188
leaf_count=169 152 2907 158 1095 271 188
internal_value=1.43034 1.44027 1.5073 1.55756 1.34386 1.81346
internal_weight=4940 4788 1881 1441 440 346
internal_count=4940 4788 1881 1441 440 346
cat_boundaries=0 1
cat_threshold=40
is_linear=0
shrinkage=1


Tree=1
num_leaves=7
num_cat=2
split_feature=8 12 0 9 9 12
split_gain=58523.8 33958.4 46294.3 39625.7 32735.4 23600.5
threshold=-232.04066793985785 0 -96.58015473117176 1.1598642766168112 1.0951795379174729 1
decision_type=2 1 2 2 2 1
left_child=1 2 4 5 -1 -4
right_child=-2 -3 3 -5 -6 -7
leaf_value=0.15021755393813638 -0.06141116016387909 -0.011292807896319043 0.26045551604450412 0.43888790446418258 -0.24435039031112979 -0.0098249487649826779
leaf_weight=160 2918 916 251 254 157 253
leaf_count=160 2918 916 251 254 157 253
internal_value=-0.00444884 0.0789246 0.15388 0.239281 -0.0466958 0.132104
internal_weight=4909 1991 1075 758 317 504
internal_count=4909 1991 1075 758 317 504
cat_boundaries=0 1 2
cat_threshold=46 40
is_linear=0
shrinkage=0.02


Tree=2
num_leaves=7
num_cat=0
split_feature=10 3 4 2 11 4
split_gain=38952.2 42891.3 52780.8 22894.5 27584.5 38071.7
threshold=2.5000000000000004 1.3194631267353216 -247.05608522344372 106.64601698382781 6.5000000000000009 -121.77779892303123
decision_type=2 2 2 2 2 2
left_child=1 2 -1 -2 5 -5
right_child=3 -3 -4 4 -6 -7
leaf_value=0.32421696621075013 -0.025771919359331544 -0.21112748686600172 -0.040086595386967752 -0.05288934901536229 0.025665958453873556 0.30706912615440884
leaf_weight=161 726 535 2275 156 666 436
leaf_count=161 726 535 2275 156 666 436
internal_value=-0.00496798 -0.0507284 -0.014782 0.063468 0.114766 0.212912
internal_weight=4955 2971 2436 1984 1258 592
internal_count=4955 2971 2436 1984 1258 592
is_linear=0
shrinkage=0.02


Tree=3
num_leaves=7
num_cat=1
split_feature=10 12 0 5 10 4
split_gain=46170.2 32618.5 66397.9 63149.3 30016.6 18113.8
threshold=1.0000000180025095e-35 0 -91.018788788481118 61.580230476170364 2.5000000000000004 -91.319985432635733
decision_type=2 1 2 2 2 2
left_child=5 2 -2 4 -4 -1
right_child=1 -3 3 -5 -6 -7
leaf_value=0.030910476371645929 -0.16898295395673357 -0.0099566385062048735 0.18080930986558089 0.058116046726776692 0.50498848985426303 -0.17045950426168185
leaf_weight=236 277 2404 246 806 236 692
leaf_count=236 277 2404 246 806 236 692
internal_value=0.00677511 0.0365177 0.106902 0.167902 0.346574 -0.119465
internal_weight=4897 3969 1565 1288 482 928
internal_count=4897 3969 1565 1288 482 928
cat_boundaries=0 1
cat_threshold=42
is_linear=0
shrinkage=0.02


Tree=4
num_leaves=7
num_cat=1
split_feature=10 12 1 9 6 6
split_gain=37210.5 45300.5 27947.9 21974.3 15687.2 21226.4
threshold=2.5000000000000004 0 283.34490742157817 1.0417450922676383 -5.1839435810313574 -12.130164565973265
decision_type=2 1 2 2 2 2
left_child=2 3 4 -2 5 -1
right_child=1 -3 -4 -5 -6 -7
leaf_value=0.047382148281809248 0.35352402875087408 0.020222010234136455 -0.28509898788162641 0.082915735204837152 0.0040216677837605283 -0.20942899790184202
leaf_weight=199 288 1490 158 214 2247 339
leaf_count=199 288 1490 158 214 2247 339
internal_value=0.0106069 0.0771521 -0.0345437 0.237401 -0.0193599 -0.115306
internal_weight=4935 1992 2943 502 2785 538
internal_count=4935 1992 2943 502 2785 538
cat_boundaries=0 1
cat_threshold=10
is_linear=0
shrinkage=0.02


Tree=5
num_leaves=7
num_cat=0
split_feature=3 2 4 4 2 10
split_gain=35665.3 38549.9 36914.9 33394.9 25511.7 22867.1
threshold=1.449428445908435 141.38210041914419 28.652711309846715 -70.405244878682865 129.17792558560987 2.5000000000000004
decision_type=2 2 2 2 2 2
left_child=1 -1 -3 4 -2 -5
right_child=3 2 -4 5 -6 -7
leaf_value=-0.022219198891062643 -0.094173615209517933 0.21321626295374166 0.013030591504252261 -0.14463639904475875 -0.4425984787666935 0.18186596926392579
leaf_weight=2758 176 666 813 170 164 154
leaf_count=2758 176 666 813 170 164 154
internal_value=0.000533225 0.0219815 0.104002 -0.134625 -0.270081 0.0113517
internal_weight=4901 4237 1479 664 340 324
internal_count=4901 4237 1479 664 340 324
is_linear=0
shrinkage=0.02


Tree=6
num_leaves=7
num_cat=1
split_feature=2 1 8 6 0 12
split_gain=35119.1 37075.7 26931.5 17754.5 22216.7 26969.1
threshold=274.16703355779902 289.77906232928189 -232.04066793985785 -3.3910899707495497 -50.179595189200889 0
decision_type=2 2 2 2 2 1
left_child=1 2 -1 -4 -5 -6
right_child=-2 -3 3 4 5 -7
leaf_value=0.072132877349531471 0.29304453217340803 -0.27654890251538111 -0.10387828430505815 -0.1699656070000492 0.11032854943253247 -0.04392017834598845
leaf_weight=1702 157 179 854 246 839 945
leaf_count=1702 157 179 854 246 839 945
internal_value=0.00796622 -0.00202074 0.009273 -0.027945 0.00435199 0.0292025
internal_weight=4922 4765 4586 2884 2030 1784
internal_count=4922 4765 4586 2884 2030 1784
cat_boundaries=0 1
cat_threshold=106
is_linear=0
shrinkage=0.02


Tree=7
num_leaves=7
num_cat=2
split_feature=12 3 10 8 12 4
split_gain=34058.6 39005.2 38836.6 33331.1 44562.3 19716.1
threshold=0 1.1479691490655346 3.5000000000000004 -255.99382324609451 1 47.587493503050219
decision_type=1 2 2 2 1 2
left_child=1 3 -3 4 -1 -5
right_child=-2 2 -4 5 -6 -7
leaf_value=0.37308070339262484 -0.066547221805240794 -0.15063018620871646 0.1637495467309176 -0.091848092949783744 0.048264633447687118 0.081128950627394641
leaf_weight=300 2228 633 199 384 390 788
leaf_count=300 2228 633 199 384 390 788
internal_value=-0.00902324 0.0387235 -0.0743843 0.0895978 0.19882 0.0241563
internal_weight=4922 2694 832 1862 690 1172
internal_count=4922 2694 832 1862 690 1172
cat_boundaries=0 1 2
cat_threshold=106 40
is_linear=0
shrinkage=0.02


Tree=8
num_leaves=7
num_cat=1
split_feature=12 10 5 0 11 3
split_gain=32470.7 37490.1 33653.2 53057.9 19777.5 31802.5
threshold=0 2.5000000000000004 13.41545431847346 -52.308805458137755 2.5000000000000004 1.449428445908435
decision_type=1 2 2 2 2 2
left_child=1 4 3 -3 -1 -6
right_child=-2 2 -4 -5 5 -7
leaf_value=-0.18474382254298852 -0.059629930912646775 -0.010961087039821056 0.041617439842761263 0.43613267927571275 0.045800522271539537 -0.24853528276085854
leaf_weight=235 2248 171 678 268 1207 157
leaf_count=235 2248 171 678 268 1207 157
internal_value=-0.00369428 0.0427139 0.131228 0.265615 -0.0192843 0.0103594
internal_weight=4964 2716 1117 439 1599 1364
internal_count=4964 2716 1117 439 1599 1364
cat_boundaries=0 1
cat_threshold=106
is_linear=0
shrinkage=0.02


Tree=9
num_leaves=7
num_cat=1
split_feature=12 0 5 6 10 6
split_gain=37563.7 36955.4 54228.7 30641.1 29284.7 20787.6
threshold=0 -96.58015473117176 -74.681812238713746 -5.1839435810313574 2.5000000000000004 5.4716902030682588
decision_type=1 2 2 2 2 2
left_child=1 5 4 -4 -3 -1
right_child=-2 2 3 -5 -6 -7
leaf_value=-0.013893269760236422 -0.064222621291928725 0.11486012657885165 -0.15018644581435422 0.060334480678129222 0.38680827768318515 -0.30276432109208196
leaf_weight=259 2234 398 343 1268 268 153
leaf_count=259 2234 398 343 1268 268 153
internal_value=-0.00392426 0.0462899 0.0780443 0.0148622 0.228396 -0.125801
internal_weight=4923 2689 2277 1611 666 412
internal_count=4923 2689 2277 1611 666 412
cat_boundaries=0 1
cat_threshold=106
is_linear=0
shrinkage=0.02


Tree=10
num_leaves=7
num_cat=1
split_feature=8 12 6 10 1 1
split_gain=36104.8 27453.6 33862.4 49828.2 22245.9 13547.5
threshold=-232.04066793985785 0 -7.0140415392960778 2.5000000000000004 161.8883492623734 232.10980190143655
decision_type=2 1 2 2 2 2
left_child=1 2 -1 4 -4 -3
right_child=-2 5 3 -5 -6 -7
leaf_value=-0.089897463621412016 -0.036744418721999086 0.038462858348371876 0.25277851107557853 0.4300805329891943 -0.046996780064861472 -0.15031623782736531
leaf_weight=165 2892 1035 159 269 233 168
leaf_count=165 2892 1035 159 269 233 168
internal_value=0.00859153 0.0730736 0.160236 0.225472 0.0778591 0.0109872
internal_weight=4921 2029 826 661 392 1203
internal_count=4921 2029 826 661 392 1203
cat_boundaries=0 1
cat_threshold=44
is_linear=0
shrinkage=0.02


Tree=11
num_leaves=7
num_cat=1
split_feature=2 10 4 8 5 12
split_gain=37196.7 23406.8 22950.5 22093.6 30536.3 31612.3
threshold=274.16703355779902 2.5000000000000004 83.479701760533843 -255.99382324609451 -377.59438975555713 0
decision_type=2 2 2 2 2 1
left_child=1 -1 3 4 -3 -6
right_child=-2 2 -4 -5 5 -7
leaf_value=-0.038682073087883288 0.30496496165548365 -0.12551325356896548 0.14456680777956518 -0.077674418873115117 -0.051357408594666865 0.30653413995192469
leaf_weight=2845 153 177 674 667 151 259
leaf_count=2845 153 177 674 667 151 259
internal_value=0.00786872 -0.00227248 0.0513767 0.000541415 0.0892294 0.182716
internal_weight=4926 4773 1928 1254 587 410
internal_count=4926 4773 1928 1254 587 410
cat_boundaries=0 1
cat_threshold=65
is_linear=0
shrinkage=0.02


Tree=12
num_leaves=7
num_cat=1
split_feature=10 8 0 12 4 4
split_gain=34454.4 25821.9 39230.5 53379.8 25436.6 17410.3
threshold=1.0000000180025095e-35 -234.37346391034782 -98.894672837441234 0 -184.46359858083841 34.684867623617265
decision_type=2 2 2 1 2 2
left_child=-1 2 4 -4 -2 -3
right_child=1 5 3 -5 -6 -7
leaf_value=-0.11957122547610767 -0.2551775748124851 -0.093415019695578527 0.29248931016033963 0.024693672668259101 0.082157640290772257 0.017138257909641172
leaf_weight=909 193 914 474 775 153 1480
leaf_count=909 193 914 474 775 153 1480
internal_value=-0.00915925 0.0162371 0.0783251 0.130358 -0.107891 -0.0252826
internal_weight=4898 3989 1595 1249 346 2394
internal_count=4898 3989 1595 1249 346 2394
cat_boundaries=0 1
cat_threshold=42
is_linear=0
shrinkage=0.02


Tree=13
num_leaves=7
num_cat=1
split_feature=7 12 0 8 1 5
split_gain=28046.1 35113.1 87115.1 117155 21493.3 31756.2
threshold=0.13273668291836749 0 -98.894672837441234 -168.54941474577666 180.02830345830765 -306.44130965763355
decision_type=2 1 2 2 2 2
left_child=1 2 -1 -4 -3 -6
right_child=-2 4 3 -5 5 -7
leaf_value=-0.25413448296080937 -0.22056318795681001 -0.037154794769970044 0.42021510673908125 -0.010994388979074158 -0.10086078302847908 0.2257136400390721
leaf_weight=210 200 2981 453 552 183 308
leaf_count=210 200 2981 453 552 183 308
internal_value=0.00558173 0.0156806 0.107264 0.185597 -0.016844 0.104413
internal_weight=4887 4687 1215 1005 3472 491
internal_count=4887 4687 1215 1005 3472 491
cat_boundaries=0 1
cat_threshold=40
is_linear=0
shrinkage=0.02


Tree=14
num_leaves=7
num_cat=1
split_feature=8 12 3 1 9 9
split_gain=49127.8 44291.6 46129.2 23767.7 36236.6 20222.8
threshold=-255.99382324609451 0 1.2171315495308785 133.71972927078971 0.9599319651737287 1.2764559811780789
decision_type=2 1 2 2 2 2
left_child=1 2 3 -1 -5 -4
right_child=-2 -3 5 4 -6 -7
leaf_value=0.12792760768327222 -0.028211250318715138 -0.0090560932705497973 -0.09772160171464897 0.59588112868133347 0.19561970284764801 0.18532974303279606
leaf_weight=222 3127 803 229 180 201 165
leaf_count=222 3127 803 229 180 201 165
internal_value=0.0197079 0.10265 0.190019 0.300444 0.395123 0.0224684
internal_weight=4927 1800 997 603 381 394
internal_count=4927 1800 997 603 381 394
cat_boundaries=0 1
cat_threshold=46
is_linear=0
shrinkage=0.02


Tree=15
num_leaves=7
num_cat=0
split_feature=10 2 6 1 4 6
split_gain=36175.3 36634.5 41654.3 27060.4 23470.3 13865.5
threshold=2.5000000000000004 167.10967085018305 2.7070847571841754 289.77906232928189 -267.65487401602007 -4.8554012538115634
decision_type=2 2 2 2 2 2
left_child=3 -2 -3 4 -1 -6
right_child=1 2 -4 -5 5 -7
leaf_value=0.18145850371569394 0.018602268971232454 0.069040500963175738 0.48087745949809935 -0.29756932865988256 -0.13615449584767303 -0.023722979376041488
leaf_weight=182 1561 260 152 153 549 2069
leaf_count=182 1561 260 152 153 549 2069
internal_value=-0.00269995 0.0634227 0.228775 -0.0469437 -0.0322386 -0.0477285
internal_weight=4926 1973 412 2953 2800 2618
internal_count=4926 1973 412 2953 2800 2618
is_linear=0
shrinkage=0.02


Tree=16
num_leaves=7
num_cat=0
split_feature=10 0 8 8 6 3
split_gain=29647.6 27115.4 48492.9 22611.6 25550.3 24517.8
threshold=2.5000000000000004 -85.16809111589528 -349.34018641926519 -720.73263489106751 -4.6603656532967488 0.78814601315410338
decision_type=2 2 2 2 2 2
left_child=3 -2 -3 -1 -5 -6
right_child=1 2 -4 4 5 -7
leaf_value=0.16100106018672297 -0.11192971485753855 0.29952181292922941 0.039019939529326031 -0.16598759013057943 0.065176608550953363 -0.072089627969010306
leaf_weight=208 290 354 1350 592 844 1324
leaf_count=208 290 354 1350 592 844 1324
internal_value=0.00466233 0.0641288 0.09457 -0.0353704 -0.0506972 -0.0185981
internal_weight=4962 1994 1704 2968 2760 2168
internal_count=4962 1994 1704 2968 2760 2168
is_linear=0
shrinkage=0.02


Tree=17
num_leaves=7
num_cat=1
split_feature=8 12 0 9 2 0
split_gain=42206.8 32739.6 35895.7 29701.7 30029.1 31264.1
threshold=-232.04066793985785 0 -156.19141114635082 1.249212041783289 126.57855508884444 -13.32976737989655
decision_type=2 1 2 2 2 2
left_child=1 2 -1 4 -4 -6
right_child=-2 -3 3 -5 5 -7
leaf_value=-0.11637953438976194 -0.049062032184128114 -0.018670329054807599 -0.095902916979282452 0.38329726477100601 0.3679199320748448 0.051920479101794106
leaf_weight=171 2920 915 178 236 230 270
leaf_count=171 2920 915 178 236 230 270
internal_value=-0.000643674 0.0699395 0.143018 0.193831 0.123269 0.201644
internal_weight=4920 2000 1085 914 678 500
internal_count=4920 2000 1085 914 678 500
cat_boundaries=0 1
cat_threshold=46
is_linear=0
shrinkage=0.02


Tree=18
num_leaves=7
num_cat=0
split_feature=2 1 8 8 9 8
split_gain=50683.7 46214.6 39070.2 15577.3 24299.9 19283.1
threshold=274.16703355779902 296.07987626020054 -720.73263489106751 -232.04066793985785 1.2283633272999337 -454.41799094771858
decision_type=2 2 2 2 2 2
left_child=1 2 -1 4 5 -4
right_child=-2 -3 3 -5 -6 -7
leaf_value=0.28713670514565143 0.34068925475645923 -0.31371646337854076 -0.12747988304352295 -0.040190692079649398 0.17693641201775834 0.046949264704819881
leaf_weight=171 157 187 356 2867 372 815
leaf_count=171 157 187 356 2867 372 815
internal_value=-0.00180318 -0.0137702 -0.000869454 -0.0126614 0.0384193 -0.00670999
internal_weight=4925 4768 4581 4410 1543 1171
internal_count=4925 4768 4581 4410 1543 1171
is_linear=0
shrinkage=0.02


Tree=19
num_leaves=7
num_cat=2
split_feature=11 12 10 8 12 3
split_gain=31975.8 44023 35830.1 32709.5 23659.7 20874.8
threshold=2.5000000000000004 0 1.0000000180025095e-35 -222.86781093618256 1 1.1736216732552625
decision_type=2 1 2 2 1 2
left_child=4 2 -2 5 -1 -4
right_child=1 -3 3 -5 -6 -7
leaf_value=-0.29077217041079056 -0.083002341197534177 -0.024520060012452494 0.35030393661143855 0.057995601507703574 -0.040624500597472739 0.10656036135662034
leaf_weight=198 308 2573 378 684 545 239
leaf_count=198 308 2573 378 684 545 239
internal_value=0.0053463 0.0268905 0.108229 0.154615 -0.114663 0.259093
internal_weight=4925 4182 1609 1301 743 617
internal_count=4925 4182 1609 1301 743 617
cat_boundaries=0 1 2
cat_threshold=42 40
is_linear=0
shrinkage=0.02


Tree=20
num_leaves=7
num_cat=0
split_feature=10 2 4 1 4 6
split_gain=43582.5 38806.9 31138.7 28651.6 35422.9 31038.9
threshold=2.5000000000000004 164.12726547973151 12.992798425805537 283.34490742157817 -247.05608522344372 -5.1839435810313574
decision_type=2 2 2 2 2 2
left_child=3 -2 -3 4 -1 -6
right_child=1 2 -4 -5 5 -7
leaf_value=0.2207668463427287 0.028036770077868384 0.058135382958722337 0.39794861548532873 -0.30437763509926974 -0.18890549095207557 -0.015804113937983279
leaf_weight=198 1539 206 226 152 509 2066
leaf_count=198 1539 206 226 152 509 2066
internal_value=0.00319224 0.0756699 0.240889 -0.045738 -0.0305181 -0.0506195
internal_weight=4896 1971 432 2925 2773 2575
internal_count=4896 1971 432 2925 2773 2575
is_linear=0
shrinkage=0.02


Tree=21
num_leaves=7
num_cat=1
split_feature=10 0 8 7 8 12
split_gain=28526.8 27981.1 56109 20840 21721 25468.5
threshold=2.5000000000000004 -85.16809111589528 -349.34018641926519 0.13273668291836749 -263.52728588411861 0
decision_type=2 2 2 2 2 1
left_child=3 -2 -3 4 5 -1
right_child=1 2 -4 -5 -6 -7
leaf_value=0.17092361147004465 -0.11016469580454991 0.31368612773143328 0.032532685381024398 -0.24732227420066036 -0.063096011093348184 -0.037591540589790397
leaf_weight=401 311 354 1304 167 1825 519
leaf_count=401 311 354 1304 167 1825 519
internal_value=0.00280241 0.0614284 0.0940826 -0.0369131 -0.023261 0.0555882
internal_weight=4881 1969 1658 2912 2745 920
internal_count=4881 1969 1658 2912 2745 920
cat_boundaries=0 1
cat_threshold=42
is_linear=0
shrinkage=0.02


Tree=22
num_leaves=7
num_cat=1
split_feature=8 3 12 3 1 8
split_gain=21129.4 26507.2 21960.1 52147.6 24174.5 16227.4
threshold=-217.81900536332054 1.449428445908435 0 1.0766524418514309 180.02830345830765 -534.36742515054368
decision_type=2 2 1 2 2 2
left_child=1 2 3 -1 -4 -3
right_child=-2 5 4 -5 -6 -7
leaf_value=0.34766964576310583 -0.03486434572331204 -0.24978268043561414 -0.0043644151720847639 -0.0770279751597224 0.22883476272849151 0.0069450458943137077
leaf_weight=314 2798 155 1026 175 205 243
leaf_count=314 2798 155 1026 175 205 243
internal_value=0.0011605 0.0486916 0.082701 0.19331 0.0357138 -0.0967084
internal_weight=4916 2118 1720 489 1231 398
internal_count=4916 2118 1720 489 1231 398
cat_boundaries=0 1
cat_threshold=40
is_linear=0
shrinkage=0.02


Tree=23
num_leaves=7
num_cat=0
split_feature=1 10 2 4 0 10
split_gain=40257.2 36047.1 36362.9 25489.2 24661.7 22190.9
threshold=320.12892917304367 2.5000000000000004 166.0689111197311 -233.84145066936421 69.634135473938287 3.5000000000000004
decision_type=2 2 2 2 2 2
left_child=1 3 4 -1 -3 -4
right_child=-2 2 5 -5 -6 -7
leaf_value=0.15058386972708296 -0.29006523591466249 -0.0071393968250636573 0.089136090768350149 -0.057884865492888161 0.1968743156741575 0.41200581712855233
leaf_weight=248 182 1274 175 2621 281 170
leaf_count=248 182 1274 175 2621 281 170
internal_value=-0.0061202 0.00530032 0.0726569 -0.0394041 0.0307498 0.255356
internal_weight=4951 4769 1900 2869 1555 345
internal_count=4951 4769 1900 2869 1555 345
is_linear=0
shrinkage=0.02


Tree=24
num_leaves=7
num_cat=0
split_feature=1 1 3 9 8 9
split_gain=32801.2 33545 42201 39092.4 26389.7 38528.6
threshold=338.63511084158785 205.39917248743214 1.1479691490655346 1.2433844146638013 -402.0343414010801 1.1598642766168112
decision_type=2 2 2 2 2 2
left_child=1 4 -3 -4 5 -1
right_child=-2 2 3 -5 -6 -7
leaf_value=-0.0019549026799439971 -0.28296825644515811 0.37058420546925985 -0.13594939773128584 0.2462852068278161 -0.039718829517480965 0.34546947383774756
leaf_weight=422 158 198 250 172 3577 173
leaf_count=422 158 198 250 172 3577 173
internal_value=-0.00828128 0.00134601 0.137395 0.0219376 -0.0191523 0.103101
internal_weight=4950 4792 620 422 4172 595
internal_count=4950 4792 620 422 4172 595
is_linear=0
shrinkage=0.02


Tree=25
num_leaves=7
num_cat=2
split_feature=2 1 2 12 12 1
split_gain=31501.6 36702.3 20014.5 20004.8 18842.2 31139.2
threshold=274.16703355779902 304.62243773347683 126.57855508884444 0 1 113.85241387687888
decision_type=2 2 2 1 1 2
left_child=1 2 3 -1 5 -4
right_child=-2 -3 4 -5 -6 -7
leaf_value=-0.06394443667008623 0.28435706573125175 -0.27615835564958174 -0.066591404706490137 0.045714949997528058 0.0063493817893051831 0.20087805915188198
leaf_weight=1558 159 167 228 1133 1012 674
leaf_count=1558 159 167 228 1133 1012 674
internal_value=0.016006 0.00648879 0.0173151 -0.0178434 0.0665823 0.131835
internal_weight=4931 4772 4605 2691 1914 902
internal_count=4931 4772 4605 2691 1914 902
cat_boundaries=0 1 2
cat_threshold=7 14
is_linear=0
shrinkage=0.02


Tree=26
num_leaves=7
num_cat=1
split_feature=4 8 12 6 6 1
split_gain=28766.4 39041.7 34706.5 18657.5 20785.9 15310.2
threshold=-402.69020034599748 -255.99382324609451 0 7.6929381520374216 1.8381145593093786 205.39917248743214
decision_type=2 2 1 2 2 2
left_child=-1 2 3 4 -2 -3
right_child=1 5 -4 -5 -6 -7
leaf_value=-0.24051941212287731 0.17668262379232647 -0.033995736776793128 0.021584230077007861 0.036247979777423958 0.46691403361782435 0.14822313608970436
leaf_weight=167 319 2921 999 180 150 187
leaf_count=167 319 2921 999 180 150 187
internal_value=0.00987285 0.0191512 0.097537 0.208852 0.277317 -0.0225919
internal_weight=4923 4756 1648 649 469 3108
internal_count=4923 4756 1648 649 469 3108
cat_boundaries=0 1
cat_threshold=44
is_linear=0
shrinkage=0.02


Tree=27
num_leaves=7
num_cat=1
split_feature=12 1 2 6 2 7
split_gain=32762.9 29338.5 21972.5 19667.2 26682.2 29119.8
threshold=0 180.02830345830765 242.95492661860041 -4.0281945274989175 130.43394621079224 0.053928288738852186
decision_type=1 2 2 2 2 2
left_child=1 -1 -3 -2 -5 -6
right_child=3 2 -4 4 5 -7
leaf_value=0.26611694654876211 -0.093126500083518651 -0.16447539110268866 0.16146587088429853 -0.034466712482841409 0.13750764573422269 -0.12826738324470635
leaf_weight=322 1059 158 153 2155 862 195
leaf_count=322 1059 158 153 2155 862 195
internal_value=0.00131809 0.133289 -0.00409012 -0.0187744 0.0058943 0.0877337
internal_weight=4904 633 311 4271 3212 1057
internal_count=4904 633 311 4271 3212 1057
cat_boundaries=0 1
cat_threshold=8
is_linear=0
shrinkage=0.02


Tree=28
num_leaves=7
num_cat=2
split_feature=8 12 0 9 12 6
split_gain=32315 32525.6 67433.3 18377.1 17733.1 18739.8
threshold=-176.54562528593596 0 -96.58015473117176 1.0451092392288261 1 0.092050191966563957
decision_type=2 1 2 2 1 2
left_child=1 2 -1 -4 5 -2
right_child=4 -3 3 -5 -6 -7
leaf_value=-0.096037021519757126 -0.043569060318682774 0.019509402250571989 0.44007067903457397 0.17729903759093993 -0.093540239057333566 0.11108702298508112
leaf_weight=228 836 1755 239 225 1130 488
leaf_count=228 836 1755 239 225 1130 488
internal_value=0.0150491 0.0663473 0.180318 0.319078 -0.0361645 0.0137365
internal_weight=4901 2447 692 464 2454 1324
internal_count=4901 2447 692 464 2454 1324
cat_boundaries=0 1 2
cat_threshold=40 75
is_linear=0
shrinkage=0.02


Tree=29
num_leaves=7
num_cat=1
split_feature=10 7 8 12 4 4
split_gain=29420 32562 36441.1 37474.9 63256.6 22953.9
threshold=2.5000000000000004 -0.056500938042250114 -232.04066793985785 0 -65.46246075648456 21.481518926634774
decision_type=2 2 2 1 2 2
left_child=-1 -2 3 4 -3 -4
right_child=1 2 5 -5 -6 -7
leaf_value=-0.034608028756386147 -0.12290605824214583 0.12374774127858673 -0.11345188698635772 0.023793705446379529 0.62560176770577491 0.088935058930448008
leaf_weight=2902 303 253 331 288 164 645
leaf_count=2902 303 253 331 288 164 645
internal_value=0.0059326 0.0651076 0.0995235 0.208012 0.323571 0.0198432
internal_weight=4886 1984 1681 705 417 976
internal_count=4886 1984 1681 705 417 976
cat_boundaries=0 1
cat_threshold=58
is_linear=0
shrinkage=0.02


Tree=30
num_leaves=7
num_cat=1
split_feature=8 12 2 7 6 2
split_gain=26272.6 24606.3 34981.1 25656.7 33461 22535.9
threshold=-196.85572030209815 0 126.93595767828414 0.058560525277677258 -5.1839435810313574 192.97099247648563
decision_type=2 1 2 2 2 2
left_child=1 2 -1 4 -3 -4
right_child=-2 3 5 -5 -6 -7
leaf_value=-0.042313633276972656 -0.032018400310913513 -0.18326756724838839 0.34658759530255057 -0.20073102456562728 0.092006612915280728 0.10790963668914191
leaf_weight=291 2614 207 295 196 946 357
leaf_count=291 2614 207 295 196 946 357
internal_value=0.0112689 0.0605623 0.137669 0.00499538 0.0414353 0.219505
internal_weight=4906 2292 943 1349 1153 652
internal_count=4906 2292 943 1349 1153 652
cat_boundaries=0 1
cat_threshold=14
is_linear=0
shrinkage=0.02


Tree=31
num_leaves=7
num_cat=0
split_feature=6 10 2 9 2 2
split_gain=20322.8 26804.4 38724.5 29992.4 20297 14666.5
threshold=-7.0140415392960778 1.0000000180025095e-35 208.91515734601316 1.2641356315534054 127.92319192378805 250.43312169171185
decision_type=2 2 2 2 2 2
left_child=-1 -2 3 -3 -5 -4
right_child=1 2 5 4 -6 -7
leaf_value=-0.093884239286184321 -0.091641869501591144 -0.0079880199790968217 0.37240840630990835 0.062775095078897114 0.31114470658360455 0.09802713496757276
leaf_weight=720 700 2578 169 387 195 155
leaf_count=720 700 2578 169 387 195 155
internal_value=0.00351399 0.0204586 0.0431794 0.0214616 0.149842 0.248011
internal_weight=4904 4184 3484 3160 582 324
internal_count=4904 4184 3484 3160 582 324
is_linear=0
shrinkage=0.02


Tree=32
num_leaves=7
num_cat=1
split_feature=12 2 3 8 2 1
split_gain=21964.4 27606.5 19988.1 32151.6 13411.5 12812.8
threshold=0 124.48452720781411 1.2171315495308785 -168.54941474577666 197.80167035409153 232.10980190143655
decision_type=1 2 2 2 2 2
left_child=1 -1 3 4 -3 -2
right_child=5 2 -4 -5 -6 -7
leaf_value=-0.081219109329608602 -0.0080168525357880906 0.15377305103222114 -0.025263150621609515 0.022813954719222422 0.39450181983441723 -0.15513503036078286
leaf_weight=317 3338 181 239 293 235 245
leaf_count=317 3338 181 239 293 235 245
internal_value=0.00693438 0.0778888 0.132198 0.18489 0.29583 -0.018429
internal_weight=4848 1265 948 709 416 3583
internal_count=4848 1265 948 709 416 3583
cat_boundaries=0 1
cat_threshold=10
is_linear=0
shrinkage=0.02


Tree=33
num_leaves=7
num_cat=0
split_feature=2 1 4 10 1 0
split_gain=32773.2 29621.8 20282.3 23518.6 23934.4 19590.8
threshold=274.16703355779902 273.51334075820108 -87.502893359424107 2.5000000000000004 150.4715037239211 -41.144653740610153
decision_type=2 2 2 2 2 2
left_child=1 2 5 -4 -5 -1
right_child=-2 -3 3 4 -6 -7
leaf_value=-0.014390785126550364 0.27101495335087977 -0.21788235303815806 -0.065660530382997934 -0.0066915521754379835 0.18721542808174732 0.15847752082904648
leaf_weight=495 159 255 2090 1039 327 544
leaf_count=495 159 255 2090 1039 327 544
internal_value=-0.00268816 -0.0124001 -0.000285406 -0.023605 0.0407501 0.0767676
internal_weight=4909 4750 4495 3456 1366 1039
internal_count=4909 4750 4495 3456 1366 1039
is_linear=0
shrinkage=0.02


Tree=34
num_leaves=7
num_cat=1
split_feature=1 8 12 0 9 9
split_gain=38139.3 28266.6 32472.1 23986.5 22902 24154.8
threshold=320.12892917304367 -255.99382324609451 0 -91.018788788481118 1.249212041783289 0.93370292326994064
decision_type=2 2 1 2 2 2
left_child=1 2 3 -1 5 -5
right_child=-2 -3 -4 4 -6 -7
leaf_value=-0.0085745338911554243 -0.27359887826924373 -0.025849945881745648 -0.018416784867060321 0.27840441562346557 0.43501010510977361 -0.0055664113770544001
leaf_weight=241 188 3092 771 258 150 216
leaf_count=241 188 3092 771 258 150 216
internal_value=-0.00164901 0.0097192 0.0766927 0.1591 0.225483 0.151559
internal_weight=4916 4728 1636 865 624 474
internal_count=4916 4728 1636 865 624 474
cat_boundaries=0 1
cat_threshold=46
is_linear=0
shrinkage=0.02


Tree=35
num_leaves=7
num_cat=1
split_feature=1 8 12 6 1 1
split_gain=35264.2 28431.8 15141.7 29457.8 11468.4 22175.5
threshold=338.63511084158785 -720.73263489106751 0 -5.115802284582637 205.39917248743214 174.21924156663246
decision_type=2 2 1 2 2 2
left_child=1 -1 3 -3 5 -5
right_child=-2 2 -4 4 -6 -7
leaf_value=0.22127157831002794 -0.28734266509860751 -0.096129901701023854 -0.034928510950418969 0.082014241856369352 0.20493821878142718 -0.14549014072846142
leaf_weight=242 150 505 2174 1446 228 185
leaf_count=242 150 505 2174 1446 228 185
internal_value=0.0047496 0.0144964 0.00300734 0.0378819 0.0748087 0.0554797
internal_weight=4930 4780 4538 2364 1859 1631
internal_count=4930 4780 4538 2364 1859 1631
cat_boundaries=0 1
cat_threshold=106
is_linear=0
shrinkage=0.02


Tree=36
num_leaves=7
num_cat=0
split_feature=7 2 6 9 4 5
split_gain=27236.2 32085.3 39826.5 30130.7 29973.2 12199.3
threshold=0.13273668291836749 179.42994054185513 2.6189490302075407 1.0295109035829686 -15.188409700031015 -70.834669148779895
decision_type=2 2 2 2 2 2
left_child=1 5 3 -3 -4 -1
right_child=-2 2 4 -5 -6 -7
leaf_value=0.038865838747681999 -0.22467022015302668 0.13440660865101595 0.47187578859000368 -0.17752867289951868 0.084791541021494637 -0.039089316225177043
leaf_weight=1123 201 292 164 200 158 2752
leaf_count=1123 201 292 164 200 158 2752
internal_value=-0.00238244 0.00760405 0.120948 0.00659318 0.290215 -0.0164555
internal_weight=4890 4689 814 492 322 3875
internal_count=4890 4689 814 492 322 3875
is_linear=0
shrinkage=0.02


Tree=37
num_leaves=7
num_cat=0
split_feature=10 2 4 5 11 9
split_gain=30179.2 31299.1 25106.9 42574.9 36669 22260.8
threshold=2.5000000000000004 123.87157319201923 -58.164550668518039 300.98886625452741 5.5000000000000009 1.0188667153779047
decision_type=2 2 2 2 2 2
left_child=-1 -2 5 4 -4 -3
right_child=1 2 3 -5 -6 -7
leaf_value=-0.043358859536953454 -0.018916587770099056 0.16254053381386768 0.56626128847458779 0.0020955171334890673 0.16199724949730768 -0.14993572419339959
leaf_weight=2958 1037 168 160 233 215 177
leaf_count=2958 1037 168 160 233 215 177
internal_value=-0.00289986 0.0571558 0.13927 0.215571 0.344711 0.00251897
internal_weight=4948 1990 953 608 375 345
internal_count=4948 1990 953 608 375 345
is_linear=0
shrinkage=0.02


Tree=38
num_leaves=7
num_cat=0
split_feature=3 8 0 1 3 5
split_gain=18751.1 44114.5 34599.8 15280.2 24320.6 21207.1
threshold=1.449428445908435 -687.70309438339325 101.79709652956227 174.21924156663246 1.1372352168856039 -337.45959219709567
decision_type=2 2 2 2 2 2
left_child=1 -1 -2 5 -5 -3
right_child=2 3 -4 4 -6 -7
leaf_value=0.26022381943688816 -0.17691357550476811 0.21824631144939532 0.14062708080595077 0.032395455387922434 -0.25444970083452456 0.0075767568925341078
leaf_weight=282 488 193 181 250 211 3286
leaf_count=282 488 193 181 250 211 3286
internal_value=0.007388 0.0230274 -0.0901962 0.00543454 -0.101509 0.0198558
internal_weight=4891 4222 669 3940 461 3479
internal_count=4891 4222 669 3940 461 3479
is_linear=0
shrinkage=0.02


Tree=39
num_leaves=7
num_cat=1
split_feature=7 12 6 9 9 10
split_gain=41719.2 25973.5 33307.4 21633.2 22045.8 18385.9
threshold=0.15946046197655486 0 -5.1839435810313574 0.8289597610470234 1.153363997014748 1.0000000180025095e-35
decision_type=2 1 2 2 2 2
left_child=1 2 3 -1 -5 -4
right_child=-2 -3 5 4 -6 -7
leaf_value=0.083999718456876038 -0.32371090677954395 -0.046677640070182679 -0.06071184376310744 -0.30154105838122114 -0.0013822959752186484 0.11000262451854305
leaf_weight=194 151 2201 289 214 174 1715
leaf_count=194 151 2201 289 214 174 1715
internal_value=-0.00704333 0.00359955 0.0464076 -0.0855804 -0.170351 0.0852044
internal_weight=4938 4787 2586 582 388 2004
internal_count=4938 4787 2586 582 388 2004
cat_boundaries=0 1
cat_threshold=106
is_linear=0
shrinkage=0.02


Tree=40
num_leaves=7
num_cat=1
split_feature=11 2 6 3 12 0
split_gain=19618.2 23020.2 22896.2 23587.3 22563.7 16696.2
threshold=2.5000000000000004 135.47965664050204 -4.0281945274989175 0.79107888889858036 0 84.690502176839615
decision_type=2 2 2 2 1 2
left_child=4 -2 3 -3 -1 -4
right_child=1 2 5 -5 -6 -7
leaf_value=-0.27145243029181776 -0.019761175207897434 -0.19178523041786402 0.085254520137298645 0.079510336422767391 -0.024348905547793988 0.27496920924361162
leaf_weight=188 2576 208 828 302 545 236
leaf_count=188 2576 208 828 302 545 236
internal_value=0.000155758 0.0170628 0.0770731 -0.0326961 -0.0945077 0.129503
internal_weight=4883 4150 1574 510 733 1064
internal_count=4883 4150 1574 510 733 1064
cat_boundaries=0 1
cat_threshold=40
is_linear=0
shrinkage=0.02


Tree=41
num_leaves=7
num_cat=1
split_feature=1 1 5 12 4 1
split_gain=21665.2 19980.9 35745.8 28430.5 23127 39046
threshold=320.12892917304367 205.39917248743214 -368.79395694450187 0 -228.33107461018682 175.92371610268177
decision_type=2 2 2 1 2 2
left_child=1 4 -3 -4 -1 -6
right_child=-2 2 3 -5 5 -7
leaf_value=0.16244114307944593 -0.22024104962956448 -0.12396297513482406 0.0099697705192269438 0.35775744587477099 -0.013923256680495344 -0.24930894845451407
leaf_weight=250 185 177 173 208 3598 296
leaf_count=250 185 177 173 208 3598 296
internal_value=-0.0136664 -0.00508853 0.106183 0.213537 -0.020291 -0.0324087
internal_weight=4887 4702 558 381 4144 3894
internal_count=4887 4702 558 381 4144 3894
cat_boundaries=0 1
cat_threshold=72
is_linear=0
shrinkage=0.02


Tree=42
num_leaves=7
num_cat=0
split_feature=10 1 4 9 8 0
split_gain=27686.2 31368.1 28742 17071.2 16730.8 20707.6
threshold=2.5000000000000004 232.10980190143655 158.74235436878558 1.1450337302745781 -222.86781093618256 47.187349057957746
decision_type=2 2 2 2 2 2
left_child=1 4 -2 -3 5 -1
right_child=2 3 -4 -5 -6 -7
leaf_value=0.092159585265926353 0.01484418799335393 -0.37521126921502701 0.20338009630409606 -0.078640610418912307 -0.057449894969206737 -0.14356947429760081
leaf_weight=768 1555 151 399 163 1681 175
leaf_count=768 1555 151 399 163 1681 175
internal_value=-0.00400004 -0.0427482 0.0541821 -0.228438 -0.0197449 0.047366
internal_weight=4892 2938 1954 314 2624 943
internal_count=4892 2938 1954 314 2624 943
is_linear=0
shrinkage=0.02


Tree=43
num_leaves=7
num_cat=1
split_feature=11 12 11 5 0 5
split_gain=21450.7 19091.6 31941.4 29161.4 20610.5 22609.6
threshold=2.5000000000000004 0 4.5000000000000009 96.829313148797397 -98.894672837441234 -161.35856984699214
decision_type=2 1 2 2 2 2
left_child=-1 2 3 -2 -4 -6
right_child=1 -3 4 -5 5 -7
leaf_value=-0.10223479168115007 0.43318130669810556 -0.018874231754999613 -0.14744931731535041 0.045825665688809053 0.22602874234961529 0.011697626938795475
leaf_weight=721 155 2579 220 152 245 869
leaf_count=721 155 2579 220 152 245 869
internal_value=-0.00219812 0.0150947 0.067974 0.248892 0.0253022 0.0604266
internal_weight=4941 4220 1641 307 1334 1114
internal_count=4941 4220 1641 307 1334 1114
cat_boundaries=0 1
cat_threshold=42
is_linear=0
shrinkage=0.02


Tree=44
num_leaves=7
num_cat=2
split_feature=10 0 8 12 2 12
split_gain=24780.1 22461.4 37608.3 28543.2 21499.7 19275
threshold=1.0000000180025095e-35 -85.16809111589528 -402.0343414010801 0 192.97099247648563 1
decision_type=2 2 2 1 2 1
left_child=-1 5 3 4 -3 -2
right_child=1 2 -4 -5 -6 -7
leaf_value=-0.092326141722556154 0.042065667851944925 0.46971162038690906 0.010711978342331908 0.012545603369221543 0.1432408384059338 -0.19725318911671641
leaf_weight=924 227 160 2845 244 178 300
leaf_count=924 227 160 2845 244 178 300
internal_value=0.000350158 0.0221857 0.0409296 0.185967 0.298269 -0.0981952
internal_weight=4878 3954 3427 582 338 527
internal_count=4878 3954 3427 582 338 527
cat_boundaries=0 1 2
cat_threshold=46 100
is_linear=0
shrinkage=0.02


Tree=45
num_leaves=7
num_cat=2
split_feature=5 10 8 12 10 12
split_gain=19909.6 25962 29592.3 33723.6 17410.2 16542
threshold=-583.58239434460768 1.0000000180025095e-35 -366.27493945016789 0 2.5000000000000004 1
decision_type=2 2 2 1 2 1
left_child=-1 -2 3 4 -3 -4
right_child=1 2 5 -5 -6 -7
leaf_value=-0.17373586244867459 -0.09454199900954828 0.11607708766504571 0.045494613037959944 -0.020294010502450607 0.3787553046544393 -0.047801609637181948
leaf_weight=262 884 206 1453 320 215 1551
leaf_count=262 884 206 1453 320 215 1551
internal_value=-0.00744069 0.00232579 0.0253821 0.137673 0.250097 -0.00268174
internal_weight=4891 4629 3745 741 421 3004
internal_count=4891 4629 3745 741 421 3004
cat_boundaries=0 1 2
cat_threshold=46 106
is_linear=0
shrinkage=0.02


Tree=46
num_leaves=7
num_cat=1
split_feature=6 8 11 12 0 6
split_gain=23459.8 32828.3 25774.4 37276.9 67166.7 14716.1
threshold=22.48368498014575 -232.04066793985785 2.5000000000000004 0 -98.894672837441234 -5.1839435810313574
decision_type=2 2 2 1 2 2
left_child=1 2 -1 4 -4 -3
right_child=-2 5 3 -5 -6 -7
leaf_value=-0.11359924073696137 -0.23199804578482369 -0.11844242003095809 -0.08120208860915383 0.043897623314156198 0.42550208232568265 -0.0068600799734901529
leaf_weight=240 152 587 152 1209 307 2279
leaf_count=240 152 587 152 1209 307 2279
internal_value=0.00471703 0.012723 0.0767882 0.104696 0.254132 -0.0300462
internal_weight=4926 4774 1908 1668 459 2866
internal_count=4926 4774 1908 1668 459 2866
cat_boundaries=0 1
cat_threshold=40
is_linear=0
shrinkage=0.02


Tree=47
num_leaves=7
num_cat=1
split_feature=6 5 11 12 9 6
split_gain=27045 20255.1 17407.4 30340.8 17510.1 15693.7
threshold=22.48368498014575 -74.681812238713746 2.5000000000000004 0 1.2321179345632796 -4.6603656532967488
decision_type=2 2 2 1 2 2
left_child=1 2 -1 -4 -5 -3
right_child=-2 5 3 4 -6 -7
leaf_value=-0.10919643131632302 -0.25115965262326329 -0.10196748615424168 0.25532123353321423 -0.010216602148887302 0.16921517717508264 0.0040881569796836137
leaf_weight=189 155 713 323 802 288 2444
leaf_count=189 155 713 323 802 288 2444
internal_value=0.000577546 0.00928605 0.0669822 0.0911493 0.0379552 -0.0201106
internal_weight=4914 4759 1602 1413 1090 3157
internal_count=4914 4759 1602 1413 1090 3157
cat_boundaries=0 1
cat_threshold=40
is_linear=0
shrinkage=0.02


Tree=48
num_leaves=7
num_cat=0
split_feature=1 8 6 0 2 9
split_gain=21021.7 22880.5 16226 11722.6 30131.3 30772
threshold=338.63511084158785 -776.61855322704912 15.531594218766156 35.600233539256905 126.57855508884444 1.2710378877466704
decision_type=2 2 2 2 2 2
left_child=1 -1 3 4 -3 -6
right_child=-2 2 -4 -5 5 -7
leaf_value=0.2284779107173284 -0.22507808942232074 -0.035072937335932711 0.17304249602643881 -0.057138901803669033 0.051272746905389861 0.34877398135458548
leaf_weight=170 151 1923 194 1395 951 154
leaf_count=170 151 1923 194 1395 951 154
internal_value=-0.00028597 0.00725924 -0.00136232 -0.00938509 0.0127308 0.0954906
internal_weight=4938 4787 4617 4423 3028 1105
internal_count=4938 4787 4617 4423 3028 1105
is_linear=0
shrinkage=0.02


Tree=49
num_leaves=7
num_cat=1
split_feature=10 0 4 12 8 5
split_gain=27184.6 30567.8 51295.9 47875.5 30139.1 23509.3
threshold=1.0000000180025095e-35 -91.018788788481118 -118.21527182316943 0 -168.54941474577666 -74.681812238713746
decision_type=2 2 2 1 2 2
left_child=-1 2 -2 4 -3 -5
right_child=1 3 -4 5 -6 -7
leaf_value=-0.092691242110234107 -0.30304681091204932 0.4173419086725213 0.097195281290318361 0.1000571133602005 0.072732264174605307 -0.017480734588499639
leaf_weight=929 266 205 232 991 202 2120
leaf_count=929 266 205 232 991 202 2120
internal_value=0.00422083 0.0268135 -0.118346 0.0476392 0.246248 0.0200968
internal_weight=4945 4016 498 3518 407 3111
internal_count=4945 4016 498 3518 407 3111
cat_boundaries=0 1
cat_threshold=8
is_linear=0
shrinkage=0.02


Tree=50
num_leaves=7
num_cat=0
split_feature=1 1 5 7 4 1
split_gain=21380.4 27051.6 28952.3 23103.1 18811.1 26212.8
threshold=338.63511084158785 205.39917248743214 -368.79395694450187 -0.017390122815676805 -228.33107461018682 175.92371610268177
decision_type=2 2 2 2 2 2
left_child=1 4 -3 -4 -1 -6
right_child=-2 2 3 -5 5 -7
leaf_value=0.14822522099927177 -0.22713119140322907 -0.054206694602966315 0.044887548574694888 0.36709681520881376 -0.007093150789241217 -0.20265682811688895
leaf_weight=268 151 205 152 216 3576 287
leaf_count=268 151 205 152 216 3576 287
internal_value=-0.00049443 0.00724708 0.134788 0.238719 -0.0107265 -0.0221082
internal_weight=4855 4704 573 368 4131 3863
internal_count=4855 4704 573 368 4131 3863
is_linear=0
shrinkage=0.02


Tree=51
num_leaves=7
num_cat=1
split_feature=2 3 9 5 12 9
split_gain=27294.4 11228.2 18890.3 23071.7 23151.9 21558.1
threshold=274.16703355779902 1.9478775886843929 1.2710378877466704 17.434590015575939 0 1.0188667153779047
decision_type=2 2 2 2 1 2
left_child=1 2 5 4 -4 -1
right_child=-2 -3 3 -5 -6 -7
leaf_value=0.019321804364511478 0.26232695151155283 -0.15414372423779493 0.032040658227859009 -0.016257167005601848 0.33981931761578393 -0.086899891271201332
leaf_weight=2744 157 167 197 369 202 1048
leaf_count=2744 157 167 197 369 202 1048
internal_value=0.0110398 0.00215748 0.00820644 0.0979836 0.201449 -0.0101862
internal_weight=4884 4727 4560 768 399 3792
internal_count=4884 4727 4560 768 399 3792
cat_boundaries=0 1
cat_threshold=81
is_linear=0
shrinkage=0.02


Tree=52
num_leaves=7
num_cat=0
split_feature=1 2 0 3 10 11
split_gain=31801.3 15404.2 24918.2 23088.2 16779 21053.9
threshold=338.63511084158785 126.93595767828414 35.600233539256905 0.69884659823836914 3.5000000000000004 2.5000000000000004
decision_type=2 2 2 2 2 2
left_child=1 -1 4 -4 5 -3
right_child=-2 2 3 -5 -6 -7
leaf_value=-0.018227005416486971 -0.27080216580373379 -0.1384352517905045 -0.24583082145307125 0.019808561960520922 0.25737701329649709 0.10894045733757642
leaf_weight=2709 153 153 154 642 235 910
leaf_count=2709 153 153 154 642 235 910
internal_value=0.00395018 0.0132469 0.0538577 -0.0339964 0.107582 0.0723768
internal_weight=4956 4803 2094 796 1298 1063
internal_count=4956 4803 2094 796 1298 1063
is_linear=0
shrinkage=0.02


Tree=53
num_leaves=7
num_cat=1
split_feature=10 12 5 4 4 9
split_gain=33492.9 32934.4 20865.5 35133.9 17326.6 16391.8
threshold=2.5000000000000004 0 68.568458494510608 -97.560321373468824 -13.688751089592216 0.92523460918821776
decision_type=2 1 2 2 2 2
left_child=-1 2 3 -2 -3 -4
right_child=1 4 5 -5 -6 -7
leaf_value=-0.034210975304879501 0.068955770829745702 -0.077797589041771142 0.19118433396282949 0.47132604894860419 0.074115770614200646 -0.057303665687542152
leaf_weight=2930 165 535 218 183 659 192
leaf_count=2930 165 535 218 183 659 192
internal_value=0.00851418 0.0724932 0.173583 0.287802 0.00591743 0.0762254
internal_weight=4882 1952 758 348 1194 410
internal_count=4882 1952 758 348 1194 410
cat_boundaries=0 1
cat_threshold=42
is_linear=0
shrinkage=0.02


Tree=54
num_leaves=7
num_cat=2
split_feature=5 8 12 0 12 0
split_gain=18754.1 24164.9 25010.5 27672.4 16598.9 26480.3
threshold=-651.96010733025378 -232.04066793985785 0 -96.58015473117176 1 38.436192464709201
decision_type=2 2 1 2 1 2
left_child=-1 2 3 -2 5 -5
right_child=1 -3 -4 4 -6 -7
leaf_value=-0.18944422263862951 -0.039670622972299431 -0.032873876109856454 0.00038825109929247343 0.49574298180596676 0.059319272349920855 0.12431658060812369
leaf_weight=202 207 2923 1132 163 179 154
leaf_count=202 207 2923 1132 163 179 154
internal_value=-0.00538964 0.0028053 0.0595093 0.151241 0.233115 0.314989
internal_weight=4960 4758 1835 703 496 317
internal_count=4960 4758 1835 703 496 317
cat_boundaries=0 1 2
cat_threshold=44 40
is_linear=0
shrinkage=0.02


Tree=55
num_leaves=7
num_cat=1
split_feature=7 8 6 12 1 3
split_gain=21426.2 35619.2 15811.5 25096.8 27819.4 25307.5
threshold=0.13273668291836749 -776.61855322704912 -5.1839435810313574 0 174.21924156663246 1.4052963738065833
decision_type=2 2 2 1 2 2
left_child=1 -1 -3 4 -4 -6
right_child=-2 2 3 -5 5 -7
leaf_value=0.23268925130940399 -0.1990143391476121 -0.080322770862459397 0.1256599567595425 -0.032740173846559618 -0.22889053331996928 0.10940104654857091
leaf_weight=250 205 944 1080 2077 189 151
leaf_count=250 205 944 1080 2077 189 151
internal_value=-0.00377889 0.00515823 -0.00814432 0.0115134 0.0757179 -0.0798161
internal_weight=4896 4691 4441 3497 1420 340
internal_count=4896 4691 4441 3497 1420 340
cat_boundaries=0 1
cat_threshold=104
is_linear=0
shrinkage=0.02


Tree=56
num_leaves=7
num_cat=0
split_feature=7 2 1 8 2 5
split_gain=24165.4 27332.4 15521.2 14575.5 9398.84 12093.9
threshold=0.12412863878609307 274.16703355779902 289.77906232928189 -687.70309438339325 191.11783613134693 204.32434596900029
decision_type=2 2 2 2 2 2
left_child=1 2 3 -1 -5 -6
right_child=-2 -3 -4 4 5 -7
leaf_value=0.18306993024323576 -0.19241139050878464 0.26864062644843945 -0.18777620414170351 0.010996674067180382 -0.20366555010279019 0.03363839392336259
leaf_weight=176 234 150 155 3880 182 151
leaf_count=176 234 150 155 3880 182 151
internal_value=0.00165879 0.0117218 0.00266952 0.00980679 0.00215228 -0.0982158
internal_weight=4928 4694 4544 4389 4213 333
internal_count=4928 4694 4544 4389 4213 333
is_linear=0
shrinkage=0.02


Tree=57
num_leaves=7
num_cat=1
split_feature=10 6 8 12 5 10
split_gain=21501.2 23169.9 36057 31049.8 30719.8 35248.8
threshold=1.0000000180025095e-35 -6.7831120495426269 -263.52728588411861 0 113.39211365096195 2.5000000000000004
decision_type=2 2 2 1 2 2
left_child=-1 2 -2 4 5 -3
right_child=1 3 -4 -5 -6 -7
leaf_value=-0.081011996693948179 -0.31400948710485399 0.064113210786085631 0.02555431561459872 -0.0031430213867545886 0.028532725826481382 0.36877493306640474
leaf_weight=945 186 298 342 2176 689 311
leaf_count=945 186 298 342 2176 689 311
internal_value=0.00428661 0.0245801 -0.097678 0.0433886 0.11993 0.22314
internal_weight=4947 4002 528 3474 1298 609
internal_count=4947 4002 528 3474 1298 609
cat_boundaries=0 1
cat_threshold=42
is_linear=0
shrinkage=0.02


Tree=58
num_leaves=7
num_cat=0
split_feature=10 5 1 2 5 9
split_gain=21171.1 25009.2 22928.7 21284.4 32039.5 23177.2
threshold=2.5000000000000004 338.25146292393464 232.10980190143655 165.15157382619654 -306.44130965763355 1.249212041783289
decision_type=2 2 2 2 2 2
left_child=2 3 -1 5 -5 -2
right_child=1 -3 -4 4 -6 -7
leaf_value=-0.028486515613259315 -0.011097053214603541 -0.098498062306103196 -0.21164314609629656 0.023311935037863059 0.41490691035259064 0.19623079540281951
leaf_weight=2617 970 421 296 173 154 267
leaf_count=2617 970 421 296 173 154 267
internal_value=-0.0135 0.0367614 -0.0477581 0.0735652 0.214572 0.0348683
internal_weight=4898 1985 2913 1564 327 1237
internal_count=4898 1985 2913 1564 327 1237
is_linear=0
shrinkage=0.02


Tree=59
num_leaves=7
num_cat=1
split_feature=7 8 6 12 8 6
split_gain=20682.8 24722.9 18720.4 16346.1 21512.4 18501.7
threshold=0.15946046197655486 -720.73263489106751 -6.7831120495426269 0 -232.04066793985785 4.2589274353688209
decision_type=2 2 2 1 2 2
left_child=1 -1 -3 4 5 -4
right_child=-2 2 3 -5 -6 -7
leaf_value=0.18723012720561419 -0.21674999076643109 -0.095175583275873749 0.36668974066889559 -0.0046130403677846141 0.018824012565627986 0.058156871134415269
leaf_weight=295 152 674 162 2867 554 150
leaf_count=295 152 674 162 2867 554 150
internal_value=0.00546181 0.0130899 0.00103566 0.0186146 0.093671 0.224769
internal_weight=4854 4702 4407 3733 866 312
internal_count=4854 4702 4407 3733 866 312
cat_boundaries=0 1
cat_threshold=40
is_linear=0
shrinkage=0.02


Tree=60
num_leaves=7
num_cat=1
split_feature=1 8 1 11 1 12
split_gain=20307.4 21218.2 15916.6 35659.3 18481.1 36278.5
threshold=320.12892917304367 -720.73263489106751 203.51584062631818 7.5000000000000009 175.92371610268177 0
decision_type=2 2 2 2 2 1
left_child=1 -1 4 -4 5 -3
right_child=-2 2 3 -5 -6 -7
leaf_value=0.19907371800901608 -0.19291656495885151 0.12476041270070093 0.25371329141440252 -0.10833943021231594 -0.15727062779330761 -0.030164368092080899
leaf_weight=217 195 736 269 171 311 2999
leaf_count=217 195 736 269 171 311 2999
internal_value=0.00195338 0.0104254 0.000877523 0.113726 -0.0116448 0.00086853
internal_weight=4898 4703 4486 440 4046 3735
internal_count=4898 4703 4486 440 4046 3735
cat_boundaries=0 1
cat_threshold=40
is_linear=0
shrinkage=0.02


Tree=61
num_leaves=7
num_cat=1
split_feature=1 8 12 1 6 3
split_gain=22411.9 20887.8 13972.5 20452 19894.2 22352.9
threshold=296.07987626020054 -752.55236226874683 0 180.02830345830765 -5.1839435810313574 1.2227912611797163
decision_type=2 2 1 2 2 2
left_child=1 -1 4 -4 -3 -6
right_child=-2 2 3 -5 5 -7
leaf_value=0.22570998064010819 -0.18579617297746304 -0.091523407244201355 -0.045142199887951533 0.13135134020427458 0.11732603687123554 -0.072284721291177328
leaf_weight=163 236 337 2471 284 1153 309
leaf_count=163 236 337 2471 284 1153 309
internal_value=0.000321216 0.0100064 0.00180811 -0.0264434 0.0448778 0.0770322
internal_weight=4953 4717 4554 2755 1799 1462
internal_count=4953 4717 4554 2755 1799 1462
cat_boundaries=0 1
cat_threshold=104
is_linear=0
shrinkage=0.02


Tree=62
num_leaves=7
num_cat=0
split_feature=10 2 7 2 9 9
split_gain=17830.8 15545.5 18768.8 21982.9 18624 30725.9
threshold=2.5000000000000004 106.14461673832129 -0.053919769860762905 219.15663524995932 1.2234283518730888 1.0066425149381764
decision_type=2 2 2 2 2 2
left_child=-1 -2 -3 4 5 -4
right_child=1 2 3 -5 -6 -7
leaf_value=-0.031645599579003654 -0.027898406300820459 -0.084372148106264519 0.11315558103467688 0.33082322697429101 0.24748781143472745 -0.17565106010263407
leaf_weight=2928 725 205 509 160 198 196
leaf_count=2928 725 205 509 160 198 196
internal_value=-0.000275618 0.0457392 0.0877316 0.121399 0.0810746 0.0315295
internal_weight=4921 1993 1268 1063 903 705
internal_count=4921 1993 1268 1063 903 705
is_linear=0
shrinkage=0.02


Tree=63
num_leaves=7
num_cat=0
split_feature=6 10 0 8 3 6
split_gain=16345.7 16955.1 19948.6 39729.2 21462 25074.6
threshold=-12.47514665824456 1.0000000180025095e-35 84.690502176839615 -196.85572030209815 1.4620759969729338 9.3666624309329833
decision_type=2 2 2 2 2 2
left_child=-1 -2 4 -4 5 -3
right_child=1 2 3 -5 -6 -7
leaf_value=-0.13969944226869288 -0.087310164806919721 -0.0011279535227498565 0.3198697281293571 -0.023161391779969009 -0.15002983827269481 0.23600200644338321
leaf_weight=364 765 2696 230 306 346 181
leaf_count=364 765 2696 230 306 346 181
internal_value=-0.0126275 -0.0021178 0.0154055 0.127197 -0.00352196 0.0145563
internal_weight=4888 4524 3759 536 3223 2877
internal_count=4888 4524 3759 536 3223 2877
is_linear=0
shrinkage=0.02


Tree=64
num_leaves=7
num_cat=0
split_feature=1 8 11 4 3 4
split_gain=32783.6 13874.3 15353.6 17686.2 15096.2 16102.5
threshold=320.12892917304367 -195.40574043046431 2.5000000000000004 189.01040459619168 1.449428445908435 22.716371794894254
decision_type=2 2 2 2 2 2
left_child=1 2 -1 4 5 -4
right_child=-2 -3 3 -5 -6 -7
leaf_value=-0.097219888255863959 -0.2512704177564411 -0.026316745784333958 0.10193487623849003 0.26013858405401907 -0.098536530544089909 -0.059636311628678933
leaf_weight=266 199 2594 1153 156 247 306
leaf_count=266 199 2594 1153 156 247 306
internal_value=-0.00614738 0.00469206 0.0424376 0.0628014 0.0433457 0.0678728
internal_weight=4921 4722 2128 1862 1706 1459
internal_count=4921 4722 2128 1862 1706 1459
is_linear=0
shrinkage=0.02


Tree=65
num_leaves=7
num_cat=1
split_feature=12 3 6 3 6 1
split_gain=16948.7 18926.3 23134.7 31735.8 22507.2 31230.7
threshold=0 1.2101780203845447 6.3099082595308174 1.4172111276383108 -5.1839435810313574 194.63363768953306
decision_type=1 2 2 2 2 2
left_child=1 4 3 -3 -1 -6
right_child=-2 2 -4 -5 5 -7
leaf_value=-0.07329442287052379 -0.049388834570940489 -0.16771933303389489 -0.23932227780468654 0.14516519438512748 0.059626910998138868 0.34739438697520425
leaf_weight=415 2242 219 201 289 1412 160
leaf_count=415 2242 219 201 289 1412 160
internal_value=-0.00899788 0.0247408 -0.0632828 0.00964607 0.0564328 0.090927
internal_weight=4938 2696 709 508 1987 1572
internal_count=4938 2696 709 508 1987 1572
cat_boundaries=0 1
cat_threshold=106
is_linear=0
shrinkage=0.02


Tree=66
num_leaves=7
num_cat=0
split_feature=10 4 8 4 4 1
split_gain=21419.6 23181.9 23151 27193.1 19583 17393.8
threshold=2.5000000000000004 -267.65487401602007 -255.99382324609451 -13.688751089592216 -56.317982852083809 195.86743935575012
decision_type=2 2 2 2 2 2
left_child=1 -1 4 -4 -2 -3
right_child=2 5 3 -5 -6 -7
leaf_value=0.1607709088584868 0.060869280748507552 -0.025326966901260021 -0.14647744818202088 0.061185634347423495 0.27027071251465168 -0.17817124398697537
leaf_weight=229 466 2348 340 893 288 332
leaf_count=229 466 2348 340 893 288 332
internal_value=0.00637315 -0.0281711 0.0568342 0.00320476 0.143344 -0.0448534
internal_weight=4896 2909 1987 1233 754 2680
internal_count=4896 2909 1987 1233 754 2680
is_linear=0
shrinkage=0.02


Tree=67
num_leaves=7
num_cat=2
split_feature=6 12 3 1 12 3
split_gain=17859 23070.7 26266.9 20252.7 18981.5 11751.7
threshold=-5.1839435810313574 0 1.2227912611797163 194.63363768953306 1 0.74098114160852757
decision_type=2 1 2 2 1 2
left_child=-1 2 3 -2 -4 -3
right_child=1 5 4 -5 -6 -7
leaf_value=-0.065600653410531007 0.087898569005128324 0.058772425510833566 0.073513364060869751 0.31848802792957459 -0.16399434086669731 -0.054497295334880208
leaf_weight=1030 1392 493 245 164 259 1345
leaf_count=1030 1392 493 245 164 259 1345
internal_value=0.00807439 0.0276602 0.0732583 0.114081 -0.0511155 -0.0238328
internal_weight=4928 3898 2060 1556 504 1838
internal_count=4928 3898 2060 1556 504 1838
cat_boundaries=0 1 2
cat_threshold=106 66
is_linear=0
shrinkage=0.02


Tree=68
num_leaves=7
num_cat=1
split_feature=5 10 12 8 11 8
split_gain=19158.7 18967.8 21289.4 31696.2 19294.2 18433.3
threshold=-624.80538734771301 1.0000000180025095e-35 0 -255.99382324609451 3.5000000000000004 -379.61443597002147
decision_type=2 2 1 2 2 2
left_child=-1 -2 3 5 -5 -3
right_child=1 2 -4 4 -6 -7
leaf_value=-0.1825811879914086 -0.074902204867869984 0.12140713021159172 -0.009565739111997474 -0.14317940994768941 0.069348741501698952 0.37823322904702705
leaf_weight=212 891 334 2366 217 682 171
leaf_count=212 891 334 2366 217 682 171
internal_value=-0.00105097 0.00757892 0.0272191 0.0882808 0.0170381 0.214028
internal_weight=4873 4661 3770 1404 899 505
internal_count=4873 4661 3770 1404 899 505
cat_boundaries=0 1
cat_threshold=42
is_linear=0
shrinkage=0.02


Tree=69
num_leaves=7
num_cat=1
split_feature=7 8 12 11 4 1
split_gain=25603.8 14625.1 21720.9 21430.3 18645.1 21291.7
threshold=0.13273668291836749 -234.37346391034782 0 7.5000000000000009 133.1370164157303 140.96180378172241
decision_type=2 2 1 2 2 2
left_child=1 2 3 -1 5 -4
right_child=-2 -3 4 -5 -6 -7
leaf_value=0.28257513062810075 -0.21091359163114162 -0.015083104142334021 0.064587557398466555 0.027285076913296007 0.21380150049188992 -0.10495930968246367
leaf_weight=280 203 2858 622 245 152 548
leaf_count=280 203 2858 622 245 152 548
internal_value=0.00358061 0.0132628 0.0569695 0.163127 0.0125841 -0.0150406
internal_weight=4908 4705 1847 525 1322 1170
internal_count=4908 4705 1847 525 1322 1170
cat_boundaries=0 1
cat_threshold=12
is_linear=0
shrinkage=0.02


Tree=70
num_leaves=7
num_cat=0
split_feature=10 8 4 9 0 3
split_gain=21393.1 21855.4 23790.1 21136.7 13585.6 15206.3
threshold=2.5000000000000004 -370.61913703413319 -13.688751089592216 1.0295109035829686 39.974099641576508 0.74510365267604428
decision_type=2 2 2 2 2 2
left_child=4 3 -3 -2 5 -1
right_child=1 2 -4 -5 -6 -7
leaf_value=0.064053571360948275 0.30702096924895333 -0.099418112969691746 0.069814459027851133 0.040297825447930632 -0.099509400585399602 -0.046469469974410753
leaf_weight=779 221 488 989 252 863 1340
leaf_count=779 221 488 989 252 863 1340
internal_value=0.000535628 0.0518951 0.0136075 0.168695 -0.0331107 -0.00572828
internal_weight=4932 1950 1477 473 2982 2119
internal_count=4932 1950 1477 473 2982 2119
is_linear=0
shrinkage=0.02


Tree=71
num_leaves=7
num_cat=0
split_feature=11 8 8 0 9 0
split_gain=21679.7 27832 19291.4 36170.9 21144.9 56045.3
threshold=2.5000000000000004 -324.2173940647163 -196.85572030209815 106.1118081334911 1.2234283518730888 -47.881235155776132
decision_type=2 2 2 2 2 2
left_child=1 -1 3 4 -2 -6
right_child=2 -3 -4 -5 5 -7
leaf_value=-0.32742857914397172 -0.018462917426665865 -0.038876149768846624 -0.033023821602697692 0.29471651391007686 -0.066399381086807846 0.36883858805337738
leaf_weight=169 1312 542 2200 210 248 212
leaf_count=169 1312 542 2200 210 248 212
internal_value=-0.00976366 -0.111053 0.00768085 0.0528016 0.0226393 0.137768
internal_weight=4893 711 4182 1982 1772 460
internal_count=4893 711 4182 1982 1772 460
is_linear=0
shrinkage=0.02


Tree=72
num_leaves=7
num_cat=2
split_feature=1 1 5 12 5 12
split_gain=19295.7 14063.4 22970.3 39337 20165.9 17223.2
threshold=338.63511084158785 205.39917248743214 -279.01013719962504 0 675.22514303868309 1
decision_type=2 2 2 1 2 1
left_child=1 4 -3 -4 5 -1
right_child=-2 2 3 -5 -6 -7
leaf_value=0.053920002670374383 -0.2177029507043885 -0.052164977507899474 -0.031525919834772743 0.38239450292289257 -0.1957210009350433 -0.032018254546432874
leaf_weight=1472 154 253 172 180 212 2469
leaf_count=1472 154 253 172 180 212 2469
internal_value=-0.00440707 0.00293869 0.0922057 0.194547 -0.0102558 0.000191144
internal_weight=4912 4758 605 352 4153 3941
internal_count=4912 4758 605 352 4153 3941
cat_boundaries=0 1 2
cat_threshold=72 104
is_linear=0
shrinkage=0.02


Tree=73
num_leaves=7
num_cat=1
split_feature=10 5 1 12 7 4
split_gain=25374.5 25883 34350.2 26425.1 21516.4 12047.9
threshold=1.0000000180025095e-35 -624.80538734771301 209.66695380095641 0 -0.016105992492997424 -13.688751089592216
decision_type=2 2 2 1 2 2
left_child=-1 -2 3 -3 -4 -5
right_child=1 2 4 5 -6 -7
leaf_value=-0.08518610229701834 -0.19406474602465729 0.18372029987750232 0.017196861921354781 -0.049156214240205838 0.30468093257363038 0.032247070523061104
leaf_weight=930 186 331 162 1185 288 1848
leaf_count=930 186 331 162 1185 288 1848
internal_value=0.0083604 0.0302682 0.0416872 0.0194603 0.20381 0.000384337
internal_weight=4930 4000 3814 3364 450 3033
internal_count=4930 4000 3814 3364 450 3033
cat_boundaries=0 1
cat_threshold=8
is_linear=0
shrinkage=0.02


Tree=74
num_leaves=7
num_cat=0
split_feature=1 4 5 10 1 8
split_gain=23039.1 30751.9 18855.1 12958.5 26621.8 18514.1
threshold=338.63511084158785 -228.33107461018682 -412.29011542592337 2.5000000000000004 201.66015667320679 -482.5665015948793
decision_type=2 2 2 2 2 2
left_child=1 2 -1 5 -5 -3
right_child=-2 3 -4 4 -6 -7
leaf_value=0.0043047514169112493 -0.23206842162069818 -0.20577443065370124 0.27292473257267885 0.0038857302108124977 0.25009535023015944 -0.021119125538434588
leaf_weight=174 158 230 253 1501 189 2324
leaf_count=174 158 230 253 1501 189 2324
internal_value=-0.00195367 0.00630927 0.166067 -0.010117 0.0327296 -0.0384859
internal_weight=4829 4671 427 4244 1690 2554
internal_count=4829 4671 427 4244 1690 2554
is_linear=0
shrinkage=0.02


Tree=75
num_leaves=7
num_cat=1
split_feature=4 6 5 12 3 11
split_gain=28633.4 11157.4 17600.3 16677.3 9957.82 14712.2
threshold=-402.69020034599748 -5.1839435810313574 -135.54936737716244 0 0.78500125359821615 8.5000000000000018
decision_type=2 2 2 1 2 2
left_child=-1 2 -2 -3 -5 -6
right_child=1 3 -4 4 5 -7
leaf_value=-0.27737791941032647 0.071526622028262529 0.048837257287287099 -0.1189661303295734 0.030587418450463203 -0.014432256617843718 -0.15938371164916343
leaf_weight=151 260 1995 695 610 759 436
leaf_count=151 260 1995 695 610 759 436
internal_value=-0.0150588 -0.00616395 -0.0669004 0.00923563 -0.0346407 -0.0682021
internal_weight=4906 4755 955 3800 1805 1195
internal_count=4906 4755 955 3800 1805 1195
cat_boundaries=0 1
cat_threshold=106
is_linear=0
shrinkage=0.02


Tree=76
num_leaves=7
num_cat=1
split_feature=10 0 6 9 10 12
split_gain=20304.2 17906 39885 25151.1 29994.8 20864.5
threshold=1.0000000180025095e-35 -101.38379049103806 9.3666624309329833 1.279907282108588 2.5000000000000004 0
decision_type=2 2 2 2 2 1
left_child=-1 5 3 -3 -5 -2
right_child=1 2 -4 4 -6 -7
leaf_value=-0.088498454175226698 0.053448225891476041 -0.012035490674316567 0.27829705774536767 -0.0093146964803442252 0.28769153909736805 -0.21919170215329292
leaf_weight=923 189 2825 231 276 257 243
leaf_count=923 189 2825 231 276 257 243
internal_value=-0.00443019 0.0150389 0.0297579 0.0118851 0.136556 -0.105151
internal_weight=4944 4021 3589 3358 533 432
internal_count=4944 4021 3589 3358 533 432
cat_boundaries=0 1
cat_threshold=82
is_linear=0
shrinkage=0.02


Tree=77
num_leaves=7
num_cat=0
split_feature=7 8 2 5 9 1
split_gain=18485.2 25643.4 16446.9 33436.8 29886.5 20778.1
threshold=0.13273668291836749 -255.99382324609451 141.38210041914419 -532.29992452332215 1.2200104381539989 219.20117893181006
decision_type=2 2 2 2 2 2
left_child=1 2 4 -4 -1 -5
right_child=-2 -3 3 5 -6 -7
leaf_value=-0.066080206708926253 -0.16946617939056605 -0.015644068493624257 -0.047050931401874711 0.13110360200713639 0.1990193669071238 0.37675443668710701
leaf_weight=552 208 3053 266 416 234 211
leaf_count=552 208 3053 266 416 234 211
internal_value=0.0106443 0.0189019 0.081439 0.139675 0.0143513 0.218388
internal_weight=4940 4732 1679 893 786 627
internal_count=4940 4732 1679 893 786 627
is_linear=0
shrinkage=0.02


Tree=78
num_leaves=7
num_cat=0
split_feature=2 4 9 4 6 2
split_gain=23434.2 12711.8 29160 20210.3 13920.3 12533.3
threshold=274.16703355779902 -170.08301806008026 1.2710378877466704 -312.64909274714415 -12.47514665824456 206.91974052081409
decision_type=2 2 2 2 2 2
left_child=1 2 3 -1 -3 -6
right_child=-2 4 -4 -5 5 -7
leaf_value=-0.17987902734394692 0.23095361868055858 -0.16524013678306965 0.26300584061874599 0.076699423440390671 -0.025277925391443731 0.12522661148238989
leaf_weight=182 154 258 201 331 3578 226
leaf_count=182 154 258 201 331 3578 226
internal_value=-0.00413759 -0.0121847 0.0650718 -0.0160273 -0.025891 -0.0160314
internal_weight=4930 4776 714 513 4062 3804
internal_count=4930 4776 714 513 4062 3804
is_linear=0
shrinkage=0.02


Tree=79
num_leaves=7
num_cat=1
split_feature=12 7 5 5 3 0
split_gain=15970.2 16724.2 14395.6 20674.1 13552 12432.5
threshold=0 0.06482085808739943 660.23011033039722 494.37422976372068 1.1434497594957245 -110.32611974348571
decision_type=1 2 2 2 2 2
left_child=2 5 3 -1 -3 -2
right_child=1 4 -4 -5 -6 -7
leaf_value=0.043319475463171726 0.1575534018856429 -0.032446756061687267 -0.10820138386692163 0.27855078929482086 -0.28529748045304826 -0.020442156903134633
leaf_weight=1665 158 176 206 155 159 2385
leaf_count=1665 158 176 206 155 159 2385
internal_value=0.00374626 -0.0264805 0.0465051 0.0647656 -0.157247 -0.00880924
internal_weight=4904 2878 2026 1820 335 2543
internal_count=4904 2878 2026 1820 335 2543
cat_boundaries=0 1
cat_threshold=74
is_linear=0
shrinkage=0.02


end of trees

feature_importances:
sym=62
dist_hi20=54
prev_rng=53
dow=42
gap=38
atr20=37
r5=37
prev_ret=34
r20=32
vol5_20=31
rng_ratio=27
gap_atr=17
month=16

parameters:
[boosting: gbdt]
[objective: regression]
[metric: l2]
[tree_learner: serial]
[device_type: cpu]
[data_sample_strategy: bagging]
[data: ]
[valid: ]
[num_iterations: 80]
[learning_rate: 0.02]
[num_leaves: 7]
[num_threads: 4]
[seed: 0]
[deterministic: 0]
[force_col_wise: 0]
[force_row_wise: 0]
[histogram_pool_size: -1]
[max_depth: -1]
[min_data_in_leaf: 150]
[min_sum_hessian_in_leaf: 0.001]
[bagging_fraction: 0.8]
[pos_bagging_fraction: 1]
[neg_bagging_fraction: 1]
[bagging_freq: 1]
[bagging_seed: 7719]
[bagging_by_query: 0]
[feature_fraction: 0.8]
[feature_fraction_bynode: 1]
[feature_fraction_seed: 2437]
[extra_trees: 0]
[extra_seed: 11797]
[early_stopping_round: 0]
[early_stopping_min_delta: 0]
[first_metric_only: 0]
[max_delta_step: 0]
[lambda_l1: 0]
[lambda_l2: 10]
[linear_lambda: 0]
[min_gain_to_split: 0]
[drop_rate: 0.1]
[max_drop: 50]
[skip_drop: 0.5]
[xgboost_dart_mode: 0]
[uniform_drop: 0]
[drop_seed: 21238]
[top_rate: 0.2]
[other_rate: 0.1]
[min_data_per_group: 100]
[max_cat_threshold: 32]
[cat_l2: 10]
[cat_smooth: 10]
[max_cat_to_onehot: 4]
[top_k: 20]
[monotone_constraints: ]
[monotone_constraints_method: basic]
[monotone_penalty: 0]
[feature_contri: ]
[forcedsplits_filename: ]
[refit_decay_rate: 0.9]
[cegb_tradeoff: 1]
[cegb_penalty_split: 0]
[cegb_penalty_feature_lazy: ]
[cegb_penalty_feature_coupled: ]
[path_smooth: 0]
[interaction_constraints: ]
[verbosity: -1]
[saved_feature_importance_type: 0]
[use_quantized_grad: 0]
[num_grad_quant_bins: 4]
[quant_train_renew_leaf: 0]
[stochastic_rounding: 1]
[linear_tree: 0]
[max_bin: 255]
[max_bin_by_feature: ]
[min_data_in_bin: 3]
[bin_construct_sample_cnt: 200000]
[data_random_seed: 38]
[is_enable_sparse: 1]
[enable_bundle: 1]
[use_missing: 1]
[zero_as_missing: 0]
[feature_pre_filter: 1]
[pre_partition: 0]
[two_round: 0]
[header: 0]
[label_column: ]
[weight_column: ]
[group_column: ]
[ignore_column: ]
[categorical_feature: 12]
[forcedbins_filename: ]
[precise_float_parser: 0]
[parser_config_file: ]
[objective_seed: 8855]
[num_class: 1]
[is_unbalance: 0]
[scale_pos_weight: 1]
[sigmoid: 1]
[boost_from_average: 1]
[reg_sqrt: 0]
[alpha: 0.9]
[fair_c: 1]
[poisson_max_delta_step: 0.7]
[tweedie_variance_power: 1.5]
[lambdarank_truncation_level: 30]
[lambdarank_norm: 1]
[label_gain: ]
[lambdarank_position_bias_regularization: 0]
[eval_at: ]
[multi_error_top_k: 1]
[auc_mu_weights: ]
[num_machines: 1]
[local_listen_port: 12400]
[time_out: 120]
[machine_list_filename: ]
[machines: ]
[gpu_platform_id: -1]
[gpu_device_id: -1]
[gpu_device_id_list: ]
[gpu_use_dp: 0]
[num_gpu: 1]

end of parameters

pandas_categorical:[["EURUSD", "GER40cash", "UK100cash", "US100cash", "US30cash", "US500cash", "XAUUSD"]]
